0 649792 0 0 0
1 649792 0.0165647 -0.0160992 0.0169824
2 649792 0.0319893 -0.0334736 0.0344217
3 649792 0.0494013 -0.0505383 0.0518338
4 649793 0.0654706 -0.0664607 0.0677068
5 649793 0.08196 -0.0831833 0.0851222
6 649794 0.0988024 -0.100582 0.0990514
7 649794 0.115486 -0.117213 0.115944
8 649795 0.13167 -0.134565 0.133224
9 649795 0.148256 -0.150541 0.150597
10 649796 0.165566 -0.167383 0.167907
11 649797 0.182984 -0.184389 0.184986
12 649798 0.199972 -0.201634 0.201682
13 649799 0.217174 -0.218314 0.218979
14 649800 0.234173 -0.235633 0.23501
15 649801 0.251329 -0.252032 0.250983
16 649803 0.240982 -0.269202 0.266806
17 649804 0.230772 -0.286208 0.283816
18 649805 0.215326 -0.301941 0.301264
19 649807 0.206219 -0.318635 0.318255
20 649809 0.205065 -0.319788 0.318396
21 649810 0.206094 -0.319327 0.317467
22 649812 0.206007 -0.318491 0.317794
23 649814 0.206298 -0.317813 0.318085
24 649816 0.203591 -0.316261 0.320203
25 649818 0.204069 -0.316194 0.320269
26 649820 0.206079 -0.3155 0.318396
27 649822 0.206468 -0.315111 0.318171
28 649824 0.203017 -0.312988 0.321225
29 649827 0.204878 -0.313299 0.320029
30 649829 0.204197 -0.312175 0.32057
31 649832 0.204917 -0.311389 0.320406
32 649834 0.203165 -0.310039 0.321733
33 649837 0.203045 -0.308925 0.321613
34 649840 0.209385 -0.31058 0.316742
35 649842 0.209356 -0.309702 0.316713
36 649845 0.209126 -0.309403 0.316845
37 649848 0.209996 -0.308772 0.316202
38 649851 0.210473 -0.308295 0.31618
39 649855 0.210618 -0.307263 0.316325
40 649858 0.210266 -0.306299 0.316565
41 649861 0.209922 -0.305661 0.317203
42 649865 0.209076 -0.304828 0.317447
43 649868 0.208341 -0.303713 0.318662
44 649872 0.211381 -0.303901 0.315968
45 649875 0.211751 -0.303531 0.315883
46 649879 0.209658 -0.301613 0.3178
47 649883 0.211106 -0.301931 0.316506
48 649887 0.211158 -0.30135 0.317087
49 649891 0.210071 -0.300025 0.317834
50 649895 0.21037 -0.299428 0.318133
51 649899 0.20964 -0.298048 0.318505
52 649903 0.208552 -0.297056 0.319672
53 649908 0.205929 -0.295445 0.321986
54 649912 0.205945 -0.294649 0.322002
55 649916 0.205936 -0.294355 0.322178
56 649921 0.205146 -0.292871 0.323114
57 649926 0.201577 -0.291078 0.326239
58 649930 0.203751 -0.291017 0.324951
59 649935 0.208073 -0.291235 0.321062
60 649940 0.206478 -0.290923 0.322204
61 649945 0.207593 -0.289938 0.321451
62 649950 0.207739 -0.289725 0.321597
63 649955 0.206284 -0.288405 0.322916
64 649961 0.206335 -0.287865 0.323456
65 649966 0.206459 -0.286745 0.323723
66 649971 0.206651 -0.28627 0.323156
67 649977 0.206888 -0.285528 0.322874
68 649982 0.206972 -0.284734 0.322942
69 649988 0.206967 -0.284069 0.323237
70 649994 0.210232 -0.284793 0.320582
71 650000 0.210091 -0.283758 0.320604
72 650005 0.213276 -0.284169 0.318114
73 650011 0.213835 -0.283163 0.318272
74 650018 0.213696 -0.282642 0.31794
75 650024 0.213643 -0.281905 0.317886
76 650030 0.213258 -0.28126 0.318531
77 650036 0.214181 -0.280337 0.317733
78 650043 0.214553 -0.279965 0.317724
79 650049 0.213101 -0.278877 0.319056
80 650056 0.208104 -0.275603 0.323916
81 650062 0.205864 -0.274954 0.326071
82 650069 0.208117 -0.275268 0.324335
83 650076 0.207934 -0.27426 0.324152
84 650083 0.206871 -0.27312 0.325542
85 650090 0.205596 -0.271835 0.326826
86 650097 0.205935 -0.271016 0.327165
87 650104 0.205428 -0.270423 0.326657
88 650111 0.207823 -0.270171 0.325696
89 650118 0.220572 -0.273713 0.313708
90 650126 0.220645 -0.273132 0.313781
91 650133 0.22102 -0.272756 0.3137
92 650141 0.218905 -0.270798 0.315789
93 650149 0.214747 -0.269074 0.319753
94 650156 0.215223 -0.268598 0.319302
95 650164 0.214667 -0.267641 0.320209
96 650172 0.214788 -0.267148 0.32013
97 650180 0.214859 -0.266342 0.320201
98 650188 0.214845 -0.265353 0.320188
99 650196 0.215196 -0.264916 0.319858
100 650204 0.21543 -0.264247 0.319981
101 650213 0.218522 -0.264646 0.317338
102 650221 0.217302 -0.263383 0.318927
103 650229 0.217136 -0.263146 0.318737
104 650238 0.217698 -0.261821 0.318592
105 650247 0.21704 -0.26098 0.319432
106 650255 0.222566 -0.262303 0.314266
107 650264 0.222799 -0.2611 0.314499
108 650273 0.226133 -0.262102 0.31173
109 650282 0.224797 -0.260564 0.312888
110 650291 0.224638 -0.259905 0.313184
111 650300 0.224239 -0.2591 0.31394
112 650309 0.221181 -0.256984 0.316571
113 650319 0.221217 -0.256715 0.316607
114 650328 0.221941 -0.255949 0.315841
115 650338 0.222224 -0.255666 0.316124
116 650347 0.212075 -0.250919 0.325038
117 650357 0.212792 -0.25134 0.324617
118 650367 0.211334 -0.249707 0.32625
119 650376 0.212059 -0.249156 0.325783
120 650386 0.205795 -0.246516 0.331275
121 650396 0.205111 -0.245521 0.332271
122 650406 0.205741 -0.244891 0.33229
123 650416 0.202006 -0.24352 0.334728
124 650427 0.200516 -0.241657 0.336577
125 650437 0.200972 -0.2412 0.337034
126 650447 0.200741 -0.240193 0.336803
127 650458 0.201012 -0.240018 0.336955
128 650468 0.198621 -0.237519 0.339304
129 650479 0.198859 -0.23745 0.33907
130 650490 0.198914 -0.236688 0.339126
131 650500 0.204305 -0.238114 0.334326
132 650511 0.209729 -0.238916 0.329413
133 650522 0.209861 -0.238146 0.330045
134 650533 0.209962 -0.237709 0.330032
135 650545 0.215518 -0.238381 0.324758
136 650556 0.213097 -0.237414 0.327307
137 650567 0.21343 -0.236551 0.327247
138 650578 0.198877 -0.230995 0.340023
139 650590 0.196411 -0.229219 0.342805
140 650601 0.196834 -0.228796 0.342771
141 650613 0.193891 -0.227025 0.345732
142 650625 0.194632 -0.226284 0.345304
143 650637 0.194587 -0.225819 0.34526
144 650648 0.198822 -0.227032 0.341575
145 650660 0.197707 -0.225497 0.342548
146 650672 0.197428 -0.224837 0.343208
147 650685 0.198219 -0.224051 0.342476
148 650697 0.200251 -0.223505 0.340721
149 650709 0.200154 -0.223184 0.340933
150 650722 0.197594 -0.221911 0.343671
151 650734 0.198218 -0.221287 0.342998
152 650747 0.197433 -0.220056 0.34412
153 650759 0.199744 -0.220845 0.34225
154 650772 0.199705 -0.21989 0.342212
155 650785 0.200664 -0.218932 0.341349
156 650798 0.200871 -0.218463 0.341349
157 650811 0.201285 -0.218097 0.341313
158 650824 0.202158 -0.217224 0.340708
159 650837 0.202623 -0.217044 0.340488
160 650850 0.210193 -0.21902 0.333664
161 650863 0.210605 -0.218151 0.33332
162 650877 0.216422 -0.219882 0.328514
163 650890 0.220985 -0.220724 0.324323
164 650904 0.228463 -0.222432 0.317738
165 650917 0.228562 -0.221367 0.317423
166 650931 0.228907 -0.220972 0.317603
167 650945 0.228997 -0.220147 0.317194
168 650959 0.229479 -0.219665 0.316956
169 650973 0.228584 -0.218754 0.318066
170 650987 0.228871 -0.218275 0.318353
171 651001 0.230192 -0.218165 0.31671
172 651015 0.230149 -0.217006 0.31736
173 651029 0.229961 -0.216401 0.317172
174 651044 0.225633 -0.214469 0.32135
175 651058 0.226117 -0.213518 0.321319
176 651073 0.226958 -0.213899 0.32081
177 651087 0.222864 -0.210546 0.324162
178 651102 0.225281 -0.211885 0.322416
179 651117 0.225471 -0.210439 0.322606
180 651132 0.224797 -0.209356 0.323688
181 651147 0.224083 -0.209009 0.324036
182 651162 0.223065 -0.207526 0.325518
183 651177 0.223153 -0.207142 0.325451
184 651192 0.223203 -0.205949 0.325501
185 651207 0.227492 -0.206874 0.321444
186 651223 0.227345 -0.205743 0.322141
187 651238 0.22076 -0.203566 0.328667
188 651254 0.218994 -0.202252 0.329823
189 651269 0.21923 -0.201163 0.329811
190 651285 0.218325 -0.199823 0.33115
191 651301 0.22015 -0.200224 0.329509
192 651317 0.220085 -0.19937 0.329445
193 651333 0.222272 -0.199461 0.327788
194 651349 0.220742 -0.197957 0.329292
195 651365 0.220824 -0.197875 0.329374
196 651381 0.220306 -0.19679 0.329956
197 651397 0.220085 -0.195866 0.330476
198 651414 0.227079 -0.197595 0.324097
199 651430 0.224592 -0.195046 0.326646
200 651447 0.225339 -0.19544 0.326252
201 651463 0.225435 -0.194708 0.326185
202 651480 0.225371 -0.193785 0.32612
203 651497 0.227136 -0.193964 0.324902
204 651514 0.233019 -0.195106 0.319977
205 651531 0.233133 -0.194527 0.32009
206 651548 0.23394 -0.194543 0.318679
207 651565 0.230912 -0.192533 0.32188
208 651582 0.231236 -0.19169 0.321365
209 651599 0.23196 -0.190966 0.322089
210 651617 0.2318 -0.190415 0.321634
211 651634 0.230421 -0.189199 0.323002
212 651652 0.230937 -0.18862 0.3226
213 651669 0.229294 -0.186574 0.324646
214 651687 0.22878 -0.186552 0.324965
215 651705 0.229208 -0.186037 0.324777
216 651722 0.229075 -0.185516 0.325088
217 651740 0.228426 -0.184463 0.325674
218 651758 0.228756 -0.183496 0.326004
219 651777 0.228989 -0.183372 0.325721
220 651795 0.229365 -0.182575 0.325241
221 651813 0.231625 -0.182766 0.3236
222 651831 0.231021 -0.181687 0.324679
223 651850 0.231831 -0.180718 0.323544
224 651868 0.234686 -0.182 0.321538
225 651887 0.232587 -0.179998 0.32354
226 651906 0.231606 -0.179127 0.324412
227 651924 0.232309 -0.178489 0.323728
228 651943 0.23132 -0.177123 0.325124
229 651962 0.231286 -0.176834 0.325272
230 651981 0.229935 -0.175652 0.326611
231 652000 0.226733 -0.173874 0.330412
232 652019 0.226683 -0.173217 0.329725
233 652039 0.22688 -0.172347 0.329922
234 652058 0.226658 -0.171837 0.330432
235 652077 0.227201 -0.171294 0.330164
236 652097 0.225159 -0.16925 0.332207
237 652117 0.225351 -0.169059 0.332399
238 652136 0.225507 -0.168347 0.3322
239 652156 0.225847 -0.168007 0.331943
240 652176 0.226463 -0.16739 0.331622
241 652196 0.228701 -0.167582 0.329661
242 652216 0.229155 -0.167128 0.329121
243 652236 0.227789 -0.165854 0.33068
244 652256 0.228293 -0.16535 0.330078
245 652276 0.224712 -0.163457 0.334314
246 652297 0.217193 -0.15966 0.341845
247 652317 0.216103 -0.158693 0.342812
248 652338 0.21629 -0.158506 0.342571
249 652358 0.215504 -0.157218 0.343759
250 652379 0.212634 -0.1551 0.34677
251 652400 0.199657 -0.149869 0.359593
252 652420 0.197632 -0.148197 0.361243
253 652441 0.197818 -0.147568 0.361428
254 652462 0.197863 -0.147012 0.361636
255 652483 0.197451 -0.145855 0.362793
256 652505 0.197244 -0.145069 0.362586
257 652526 0.198847 -0.145144 0.361293
258 652547 0.198494 -0.144431 0.362006
259 652568 0.208077 -0.14741 0.353138
260 652590 0.208222 -0.146384 0.352775
261 652612 0.208978 -0.14586 0.352357
262 652633 0.208355 -0.145279 0.352939
263 652655 0.208858 -0.144776 0.353005
264 652677 0.211002 -0.144881 0.350776
265 652699 0.212614 -0.144766 0.349314
266 652721 0.223474 -0.148628 0.339112
267 652743 0.223768 -0.147173 0.339407
268 652765 0.224413 -0.146975 0.337956
269 652787 0.224909 -0.146429 0.338453
270 652809 0.225135 -0.146203 0.338445
271 652832 0.215254 -0.141386 0.348312
272 652854 0.215193 -0.141003 0.348695
273 652877 0.214273 -0.139903 0.349328
274 652899 0.213355 -0.138959 0.350294
275 652922 0.215362 -0.13843 0.348856
276 652945 0.21527 -0.138062 0.348764
277 652968 0.222722 -0.13993 0.341679
278 652991 0.222751 -0.139222 0.34222
279 653014 0.222757 -0.138504 0.342226
280 653037 0.222811 -0.138095 0.34228
281 653060 0.21893 -0.135939 0.345826
282 653083 0.218632 -0.13512 0.346463
283 653107 0.21824 -0.134002 0.347394
284 653130 0.218409 -0.133485 0.347565
285 653154 0.218009 -0.132578 0.347175
286 653177 0.218629 -0.131957 0.347795
287 653201 0.217946 -0.131202 0.348432
288 653225 0.217665 -0.130342 0.348628
289 653249 0.21728 -0.129349 0.349621
290 653273 0.217532 -0.129097 0.349595
291 653297 0.214563 -0.126939 0.352562
292 653321 0.214694 -0.126726 0.352693
293 653345 0.215578 -0.125842 0.352383
294 653369 0.214806 -0.125139 0.352893
295 653393 0.21527 -0.124561 0.352559
296 653418 0.215198 -0.123855 0.353182
297 653442 0.215078 -0.123192 0.353062
298 653467 0.214016 -0.121976 0.354314
299 653492 0.214151 -0.121343 0.35445
300 653516 0.213918 -0.12076 0.355033
301 653541 0.214402 -0.120277 0.354845
302 653566 0.214373 -0.119806 0.354816
303 653591 0.212593 -0.117529 0.357496
304 653616 0.217784 -0.11908 0.351779
305 653641 0.217984 -0.11888 0.351656
306 653667 0.215233 -0.116719 0.354437
307 653692 0.202878 -0.110891 0.367541
308 653717 0.202826 -0.110542 0.367622
309 653743 0.202231 -0.109792 0.368372
310 653768 0.199743 -0.108007 0.370916
311 653794 0.200308 -0.107442 0.370626
312 653820 0.200752 -0.106962 0.370488
313 653845 0.202206 -0.106452 0.369472
314 653871 0.201649 -0.105924 0.37
315 653897 0.20219 -0.1056 0.369545
316 653923 0.200906 -0.104679 0.371178
317 653949 0.202222 -0.104181 0.37011
318 653976 0.200377 -0.102852 0.37144
319 654002 0.200462 -0.102326 0.371525
320 654028 0.201869 -0.102074 0.371373
321 654055 0.202097 -0.101736 0.37067
322 654081 0.201314 -0.100508 0.371897
323 654108 0.20108 -0.0995396 0.372428
324 654135 0.199854 -0.0984558 0.373512
325 654161 0.200099 -0.0982104 0.373757
326 654188 0.19892 -0.0965355 0.375432
327 654215 0.198568 -0.0957976 0.375884
328 654242 0.199163 -0.0952028 0.375825
329 654269 0.198918 -0.0948557 0.37558
330 654296 0.19815 -0.0931735 0.377263
331 654324 0.198303 -0.0928949 0.376577
332 654351 0.19877 -0.0924281 0.376623
333 654378 0.198062 -0.0913883 0.377662
334 654406 0.196492 -0.0899133 0.379069
335 654433 0.197211 -0.0891943 0.37969
336 654461 0.196395 -0.0885659 0.379848
337 654489 0.195274 -0.0872902 0.381123
338 654517 0.195301 -0.0865911 0.381822
339 654545 0.195298 -0.0865943 0.38163
340 654573 0.193848 -0.0847138 0.383519
341 654601 0.204151 -0.0882888 0.373192
342 654629 0.201095 -0.0862062 0.376888
343 654657 0.20015 -0.0851193 0.377975
344 654685 0.199992 -0.084389 0.377817
345 654714 0.200556 -0.0839909 0.377727
346 654742 0.201079 -0.0834676 0.377523
347 654771 0.199827 -0.0820463 0.378945
348 654799 0.195107 -0.0795995 0.384402
349 654828 0.194646 -0.0788391 0.384658
350 654857 0.194689 -0.0778279 0.3847
351 654885 0.19518 -0.0775046 0.384624
352 654914 0.19551 -0.0770111 0.38459
353 654943 0.195966 -0.0767814 0.383986
354 654972 0.196264 -0.076056 0.384284
355 655002 0.193067 -0.0736145 0.387745
356 655031 0.192136 -0.072878 0.389086
357 655060 0.192866 -0.0725918 0.38872
358 655090 0.192715 -0.0719349 0.388569
359 655119 0.194038 -0.0718505 0.387333
360 655149 0.194251 -0.0708536 0.387955
361 655178 0.193082 -0.0695533 0.389255
362 655208 0.193692 -0.0689428 0.388985
363 655238 0.195276 -0.0695105 0.387474
364 655268 0.196177 -0.0688635 0.386344
365 655298 0.197153 -0.0685231 0.385682
366 655328 0.196597 -0.0680176 0.386187
367 655358 0.197274 -0.06757 0.386442
368 655388 0.196206 -0.0657421 0.387536
369 655418 0.196267 -0.0656807 0.387531
370 655449 0.199173 -0.0656662 0.384905
371 655479 0.199442 -0.0653977 0.385173
372 655510 0.19876 -0.0643164 0.385845
373 655540 0.196124 -0.0627318 0.389036
374 655571 0.195155 -0.0619784 0.38979
375 655602 0.194117 -0.0606588 0.391109
376 655632 0.194287 -0.059915 0.391192
377 655663 0.195154 -0.0592198 0.390797
378 655694 0.199541 -0.0609438 0.386121
379 655725 0.199539 -0.0601705 0.38684
380 655757 0.199866 -0.0598434 0.386156
381 655788 0.200432 -0.0592771 0.385671
382 655819 0.201737 -0.0582226 0.385279
383 655850 0.20157 -0.0583895 0.385112
384 655882 0.202299 -0.0576598 0.385094
385 655913 0.202298 -0.0567999 0.385093
386 655945 0.202234 -0.0563256 0.385028
387 655977 0.201926 -0.0553664 0.385988
388 656009 0.202176 -0.054869 0.386238
389 656040 0.201338 -0.05382 0.386696
390 656072 0.201015 -0.0529379 0.387578
391 656104 0.201227 -0.0525638 0.387789
392 656136 0.200644 -0.0515006 0.388508
393 656169 0.203426 -0.0518601 0.386148
394 656201 0.203624 -0.0516628 0.385382
395 656233 0.204229 -0.051057 0.385349
396 656265 0.204136 -0.0501816 0.385669
397 656298 0.201908 -0.0487528 0.387882
398 656331 0.202563 -0.0480981 0.38769
399 656363 0.200717 -0.0464085 0.389948
400 656396 0.200919 -0.0462073 0.390081
401 656429 0.200581 -0.0452939 0.390765
402 656461 0.199333 -0.0444478 0.391611
403 656494 0.199844 -0.0436623 0.39205
404 656527 0.20298 -0.044571 0.388811
405 656561 0.218341 -0.0497293 0.372599
406 656594 0.218116 -0.048709 0.373619
407 656627 0.218067 -0.0488633 0.373209
408 656660 0.218719 -0.0481157 0.373094
409 656694 0.21925 -0.047584 0.372578
410 656727 0.21975 -0.0470843 0.372107
411 656761 0.215463 -0.0448926 0.377227
412 656794 0.21547 -0.044105 0.377563
413 656828 0.216125 -0.0434502 0.377212
414 656862 0.216237 -0.0432137 0.376919
415 656896 0.216255 -0.04269 0.376937
416 656930 0.216165 -0.0416355 0.377585
417 656964 0.214804 -0.0403804 0.379331
418 656998 0.215664 -0.0401112 0.378753
419 657032 0.215776 -0.0396029 0.378865
420 657066 0.214997 -0.038473 0.379995
421 657101 0.215086 -0.0377969 0.380084
422 657135 0.214004 -0.0364829 0.381398
423 657170 0.214123 -0.035738 0.381517
424 657204 0.206002 -0.0320108 0.390015
425 657239 0.202799 -0.0297679 0.393985
426 657273 0.202903 -0.0295766 0.394232
427 657308 0.202372 -0.0283847 0.395424
428 657343 0.201732 -0.0273352 0.396473
429 657378 0.199871 -0.0260372 0.397771
430 657413 0.20021 -0.0253792 0.39811
431 657448 0.198752 -0.0240541 0.399968
432 657483 0.197654 -0.0225464 0.401476
433 657519 0.196971 -0.0219843 0.402749
434 657554 0.196369 -0.0210398 0.403694
435 657589 0.193541 -0.0190607 0.406785
436 657625 0.193124 -0.0178422 0.407933
437 657660 0.193089 -0.0178734 0.407505
438 657696 0.193517 -0.0174453 0.407711
439 657732 0.191461 -0.0151268 0.410029
440 657768 0.187147 -0.0130017 0.414399
441 657803 0.20137 -0.0185723 0.399359
442 657839 0.200669 -0.0174087 0.400532
443 657875 0.201565 -0.0172818 0.400084
444 657911 0.201324 -0.016332 0.401034
445 657948 0.197593 -0.0142543 0.404002
446 657984 0.198152 -0.0136949 0.404561
447 658020 0.197777 -0.0128478 0.404863
448 658057 0.198048 -0.0125773 0.405044
449 658093 0.198834 -0.0117914 0.404716
450 658130 0.199459 -0.0115496 0.404349
451 658166 0.197521 -0.0100604 0.406524
452 658203 0.196366 -0.00873424 0.407986
453 658240 0.19914 -0.0092045 0.404833
454 658276 0.199792 -0.00912611 0.404911
455 658313 0.199876 -0.00904257 0.404864
456 658350 0.200303 -0.00763596 0.404669
457 658387 0.200563 -0.00721339 0.404227
458 658425 0.200944 -0.00683228 0.404608
459 658462 0.201016 -0.00606322 0.40468
460 658499 0.201217 -0.0053969 0.404745
461 658537 0.20938 -0.00797852 0.395666
462 658574 0.213876 -0.00963135 0.391323
463 658612 0.211303 -0.00801836 0.394472
464 658649 0.207784 -0.00556312 0.398391
465 658687 0.21061 -0.00638532 0.395854
466 658725 0.210589 -0.00567492 0.396027
467 658762 0.210786 -0.00483748 0.396224
468 658800 0.212495 -0.00549912 0.394345
469 658838 0.212722 -0.0046089 0.394572
470 658876 0.214882 -0.00492271 0.391935
471 658914 0.210107 -0.00223583 0.397693
472 658953 0.210749 -0.00171769 0.397611
473 658991 0.210046 -0.000564479 0.399028
474 659029 0.210678 -0.000437291 0.397961
475 659068 0.210393 0.000393329 0.398792
476 659106 0.211569 0.000546052 0.39733
477 659145 0.211649 0.00115618 0.397794
478 659183 0.211423 0.00171643 0.398354
479 659222 0.211435 0.00259505 0.398366
480 659261 0.211712 0.00324035 0.398337
481 659300 0.212006 0.00357841 0.398487
482 659339 0.211492 0.0044875 0.399213
483 659378 0.216543 0.00313523 0.394151
484 659417 0.219877 0.00270874 0.390264
485 659456 0.218218 0.00345099 0.392114
486 659495 0.218391 0.0042876 0.392287
487 659535 0.219982 0.00403887 0.391223
488 659574 0.218956 0.00525164 0.392329
489 659613 0.217882 0.00669222 0.39377
490 659653 0.219684 0.00650237 0.392075
491 659693 0.214705 0.00930136 0.39803
492 659732 0.213749 0.0101118 0.399123
493 659772 0.214319 0.0107182 0.399693
494 659812 0.214261 0.0113377 0.399767
495 659852 0.214857 0.0118191 0.398847
496 659892 0.215367 0.0123297 0.398612
497 659932 0.211085 0.0149556 0.403869
498 659972 0.210242 0.0158081 0.405075
499 660012 0.210577 0.0162703 0.404876
500 660052 0.210033 0.0173288 0.40583
501 660093 0.209444 0.0184425 0.406943
502 660133 0.209319 0.0183173 0.406818
503 660174 0.210148 0.019146 0.406225
504 660214 0.210482 0.0197732 0.406158
505 660255 0.210688 0.0199787 0.406363
506 660295 0.210661 0.0209695 0.406679
507 660336 0.209864 0.0219989 0.407708
508 660377 0.210227 0.022362 0.407769
509 660418 0.208815 0.0239847 0.409392
510 660459 0.209144 0.0243137 0.409721
511 660500 0.209003 0.0251259 0.40958
512 660541 0.209076 0.0254976 0.410279
513 660582 0.209334 0.026123 0.410538
514 660624 0.209247 0.0260361 0.410451
515 660665 0.209253 0.0274373 0.410673
516 660706 0.20931 0.0282553 0.41073
517 660748 0.208917 0.0288535 0.411328
518 660790 0.207669 0.0305885 0.413322
519 660831 0.206993 0.0314256 0.414615
520 660873 0.207368 0.0318006 0.41499
521 660915 0.207079 0.032607 0.414848
522 660957 0.206078 0.0331758 0.416416
523 660999 0.204838 0.0349509 0.418191
524 661041 0.203746 0.0360868 0.419403
525 661083 0.203329 0.0365677 0.420728
526 661125 0.202641 0.037388 0.421461
527 661167 0.202423 0.0385208 0.421845
528 661209 0.201855 0.0394181 0.423019
529 661252 0.202073 0.039905 0.422971
530 661294 0.204005 0.0395031 0.42176
531 661337 0.203746 0.0405724 0.421501
532 661379 0.204434 0.0408084 0.421479
533 661422 0.208208 0.0390664 0.416755
534 661465 0.206997 0.0408676 0.418556
535 661507 0.207491 0.0413624 0.419051
536 661550 0.206321 0.0422423 0.4199
537 661593 0.206163 0.043468 0.420658
538 661636 0.206375 0.0439153 0.420601
539 661679 0.206616 0.0443289 0.420403
540 661722 0.207496 0.0447482 0.419989
541 661766 0.207401 0.045456 0.420696
542 661809 0.205151 0.0470984 0.42321
543 661852 0.208999 0.0461276 0.419484
544 661896 0.209148 0.0464996 0.419247
545 661939 0.209322 0.0471829 0.41892
546 661983 0.209588 0.0475541 0.418935
547 662026 0.210308 0.0482736 0.419655
548 662070 0.210481 0.0485238 0.419828
549 662114 0.210781 0.0488237 0.418868
550 662158 0.21074 0.0495698 0.418964
551 662202 0.210664 0.0503997 0.419146
552 662246 0.206039 0.0529458 0.425526
553 662290 0.205823 0.0536684 0.425311
554 662334 0.20468 0.0552148 0.427524
555 662378 0.202952 0.0564399 0.429393
556 662422 0.202777 0.0572314 0.430185
557 662467 0.203186 0.0576404 0.430594
558 662511 0.204279 0.0579823 0.429281
559 662556 0.205915 0.057465 0.428026
560 662600 0.205895 0.0582308 0.427617
561 662645 0.207619 0.0580146 0.426374
562 662690 0.208228 0.0586242 0.425359
563 662734 0.208819 0.0592154 0.425182
564 662779 0.209084 0.059532 0.425263
565 662824 0.209238 0.0600727 0.425417
566 662869 0.209747 0.0605823 0.425125
567 662914 0.200121 0.065905 0.436048
568 662959 0.203832 0.0649953 0.433328
569 663004 0.215484 0.0599984 0.418178
570 663050 0.216052 0.0600381 0.418746
571 663095 0.216892 0.0602806 0.417763
572 663140 0.214718 0.0619144 0.420598
573 663186 0.214969 0.0629637 0.421647
574 663231 0.215221 0.0632159 0.420394
575 663277 0.215488 0.0634834 0.420662
576 663323 0.215299 0.0643409 0.421586
577 663368 0.216388 0.0647327 0.41949
578 663414 0.221001 0.0633428 0.415224
579 663460 0.223875 0.0620388 0.411366
580 663506 0.224332 0.0629952 0.411823
581 663552 0.22393 0.0637054 0.412533
582 663598 0.21712 0.0669465 0.421034
583 663644 0.21595 0.0684697 0.422305
584 663690 0.216583 0.0691025 0.421565
585 663737 0.216924 0.0693424 0.421906
586 663783 0.217278 0.0698819 0.421583
587 663829 0.217534 0.0701386 0.42184
588 663876 0.216915 0.0711576 0.422859
589 663922 0.217165 0.0716896 0.422948
590 663969 0.221835 0.0701583 0.417416
591 664016 0.221925 0.0702478 0.417506
592 664063 0.219133 0.0727126 0.421647
593 664109 0.218073 0.0741739 0.423109
594 664156 0.2182 0.0744274 0.423236
595 664203 0.217808 0.0749425 0.423751
596 664250 0.217297 0.0760997 0.424611
597 664297 0.217936 0.0767394 0.424302
598 664345 0.219248 0.0765264 0.424089
599 664392 0.217364 0.077644 0.42556
600 664439 0.217932 0.0783919 0.426128
601 664486 0.216998 0.0791115 0.426495
602 664534 0.217279 0.0801293 0.426775
603 664581 0.217442 0.0801658 0.426812
604 664629 0.218891 0.0806427 0.425693
605 664677 0.219082 0.0808334 0.425299
606 664724 0.220167 0.0818728 0.424985
607 664772 0.22356 0.0808159 0.420499
608 664820 0.223821 0.0807094 0.420393
609 664868 0.22423 0.0811181 0.420258
610 664916 0.224172 0.0819379 0.420812
611 664964 0.224863 0.0820639 0.420001
612 665012 0.221648 0.0842537 0.423988
613 665060 0.222046 0.084652 0.424386
614 665108 0.22203 0.0852774 0.424545
615 665157 0.222622 0.0858693 0.423954
616 665205 0.223053 0.0861688 0.424265
617 665253 0.223039 0.0866878 0.424252
618 665302 0.218889 0.089395 0.429344
619 665350 0.219433 0.0897462 0.429785
620 665399 0.219408 0.0908187 0.42976
621 665448 0.219821 0.0906389 0.42958
622 665497 0.22066 0.0909934 0.429113
623 665545 0.2202 0.0917194 0.429839
624 665594 0.220067 0.0926498 0.429705
625 665643 0.22074 0.0927522 0.429807
626 665692 0.221156 0.0929718 0.429792
627 665741 0.220655 0.0942227 0.43003
628 665790 0.220567 0.0947761 0.430804
629 665840 0.218347 0.0969484 0.433841
630 665889 0.219506 0.096726 0.433169
631 665938 0.219569 0.0972496 0.433232
632 665988 0.219671 0.0976788 0.433334
633 666037 0.220193 0.0983779 0.434033
634 666087 0.219768 0.098951 0.433608
635 666136 0.220114 0.099297 0.433731
636 666186 0.220977 0.0999228 0.433381
637 666236 0.220715 0.1003 0.43355
638 666286 0.221349 0.100747 0.432891
639 666336 0.22178 0.101177 0.432978
640 666385 0.220978 0.102137 0.433937
641 666435 0.221524 0.102682 0.434483
642 666486 0.221225 0.103283 0.434507
643 666536 0.220728 0.104103 0.434755
644 666586 0.221034 0.10441 0.435062
645 666636 0.221367 0.105296 0.435174
646 666686 0.22097 0.105782 0.435993
647 666737 0.220447 0.106884 0.436769
648 666787 0.221256 0.107029 0.436913
649 666838 0.219954 0.108088 0.438287
650 666888 0.2193 0.10896 0.439159
651 666939 0.219483 0.109687 0.439343
652 666990 0.218631 0.110602 0.44034
653 667040 0.217856 0.111932 0.442476
654 667091 0.218137 0.112503 0.443046
655 667142 0.218423 0.112789 0.441747
656 667193 0.218729 0.113195 0.442152
657 667244 0.220604 0.113007 0.439832
658 667295 0.22118 0.113584 0.439712
659 667346 0.221146 0.113945 0.440074
660 667398 0.221296 0.114487 0.440223
661 667449 0.221026 0.115317 0.441053
662 667500 0.221183 0.115785 0.44121
663 667552 0.22077 0.116645 0.441868
664 667603 0.22081 0.117327 0.441908
665 667655 0.221958 0.11721 0.441019
666 667706 0.22162 0.117858 0.441774
667 667758 0.216478 0.121365 0.448679
668 667810 0.216759 0.121646 0.44896
669 667861 0.217793 0.121628 0.448876
670 667913 0.217539 0.122173 0.448434
671 667965 0.217901 0.12298 0.44866
672 668017 0.217914 0.123522 0.448674
673 668069 0.219197 0.123421 0.447065
674 668121 0.217775 0.125171 0.449676
675 668173 0.217862 0.125334 0.449763
676 668226 0.217912 0.125917 0.449813
677 668278 0.218068 0.126628 0.449969
678 668330 0.21965 0.126484 0.448486
679 668383 0.217327 0.127734 0.452187
680 668435 0.220255 0.126738 0.4479
681 668488 0.221259 0.127335 0.447528
682 668540 0.221716 0.127792 0.447136
683 668593 0.222244 0.128384 0.446511
684 668646 0.221925 0.128882 0.447439
685 668698 0.222391 0.129348 0.447329
686 668751 0.222571 0.129528 0.44687
687 668804 0.223095 0.130048 0.446814
688 668857 0.223499 0.130705 0.447218
689 668910 0.22225 0.131801 0.448313
690 668963 0.222596 0.132229 0.448659
691 669016 0.222055 0.133127 0.449557
692 669070 0.222314 0.133608 0.449963
693 669123 0.222468 0.134028 0.450116
694 669176 0.222496 0.134462 0.450551
695 669229 0.222521 0.135069 0.450576
696 669283 0.221783 0.136605 0.452112
697 669336 0.219751 0.138176 0.455221
698 669390 0.218233 0.139389 0.456435
699 669444 0.218826 0.139962 0.457028
700 669497 0.218338 0.140459 0.457525
701 669551 0.217395 0.141439 0.458886
702 669605 0.217614 0.142179 0.459347
703 669659 0.217967 0.142532 0.459544
704 669713 0.218414 0.142979 0.458992
705 669767 0.2188 0.143365 0.458857
706 669821 0.219235 0.1438 0.45914
707 669875 0.22083 0.143128 0.457163
708 669929 0.220414 0.144302 0.457815
709 669983 0.220799 0.144686 0.458199
710 670038 0.21879 0.146444 0.460798
711 670092 0.219129 0.146783 0.461026
712 670146 0.218363 0.147687 0.46226
713 670201 0.219016 0.148419 0.462264
714 670255 0.218623 0.148831 0.462676
715 670310 0.219814 0.148272 0.460658
716 670364 0.220616 0.148797 0.460347
717 670419 0.221116 0.149378 0.460647
718 670474 0.220229 0.150557 0.461495
719 670529 0.22064 0.150898 0.461602
720 670584 0.220957 0.151381 0.461968
721 670639 0.219946 0.152385 0.463705
722 670694 0.22046 0.152899 0.463214
723 670749 0.220019 0.154083 0.464467
724 670804 0.218208 0.155597 0.466398
725 670859 0.219357 0.154713 0.465513
726 670914 0.217331 0.156917 0.468797
727 670969 0.217189 0.157515 0.468655
728 671025 0.217574 0.1579 0.46904
729 671080 0.216958 0.158949 0.470369
730 671136 0.21761 0.159476 0.470262
731 671191 0.218512 0.159172 0.469051
732 671247 0.227907 0.155061 0.455976
733 671302 0.22752 0.155881 0.457015
734 671358 0.227881 0.15615 0.457016
735 671414 0.228132 0.1568 0.457267
736 671470 0.228577 0.156923 0.456543
737 671526 0.22896 0.157663 0.456927
738 671582 0.228256 0.158518 0.457798
739 671637 0.230543 0.157834 0.454631
740 671694 0.232208 0.157398 0.453481
741 671750 0.232408 0.157832 0.452972
742 671806 0.232969 0.158393 0.453112
743 671862 0.232451 0.159321 0.45404
744 671918 0.232606 0.159825 0.454194
745 671975 0.232719 0.160464 0.454308
746 672031 0.236947 0.159021 0.449432
747 672087 0.23642 0.159736 0.450001
748 672144 0.236555 0.160208 0.450136
749 672200 0.237018 0.160672 0.449832
750 672257 0.234294 0.163206 0.452367
751 672314 0.235452 0.162568 0.453014
752 672371 0.234494 0.163553 0.453891
753 672427 0.234112 0.164572 0.455573
754 672484 0.233863 0.165108 0.45643
755 672541 0.223503 0.170886 0.47112
756 672598 0.223067 0.17192 0.472155
757 672655 0.222551 0.172565 0.472689
758 672712 0.223915 0.172587 0.471202
759 672769 0.224266 0.172952 0.471552
760 672826 0.2246 0.173287 0.471418
761 672884 0.224911 0.173597 0.471092
762 672941 0.224949 0.174441 0.471688
763 672998 0.225128 0.174844 0.472091
764 673056 0.225108 0.175519 0.471742
765 673113 0.224921 0.175907 0.473223
766 673171 0.224126 0.176936 0.474252
767 673228 0.224455 0.177636 0.474567
768 673286 0.22425 0.178529 0.474362
769 673343 0.224219 0.179137 0.475373
770 673401 0.226348 0.178125 0.473239
771 673459 0.225275 0.179573 0.474687
772 673517 0.22565 0.179948 0.475062
773 673575 0.225249 0.180883 0.475996
774 673633 0.225138 0.181656 0.475885
775 673691 0.226045 0.181584 0.475191
776 673749 0.226575 0.182009 0.473831
777 673807 0.226938 0.182341 0.474194
778 673865 0.226702 0.183309 0.475711
779 673923 0.227025 0.183632 0.474683
780 673982 0.227165 0.183772 0.474823
781 674040 0.226517 0.184795 0.476188
782 674098 0.227367 0.184912 0.474968
783 674157 0.228118 0.18513 0.47519
784 674215 0.228278 0.18556 0.475229
785 674274 0.230502 0.184767 0.472109
786 674332 0.233747 0.183672 0.467485
787 674391 0.234209 0.184302 0.467947
788 674450 0.23405 0.184823 0.467788
789 674508 0.233938 0.185748 0.468726
790 674567 0.233333 0.186495 0.469472
791 674626 0.233591 0.187149 0.469866
792 674685 0.233823 0.187443 0.470159
793 674744 0.238308 0.186147 0.464292
794 674803 0.237652 0.186438 0.465291
795 674862 0.238778 0.186542 0.463553
796 674921 0.2388 0.187204 0.464721
797 674980 0.238665 0.187891 0.464954
798 675040 0.234976 0.189733 0.470034
799 675099 0.233569 0.192567 0.472869
800 675158 0.233035 0.192759 0.474607
801 675218 0.232856 0.193239 0.474685
802 675277 0.232665 0.193725 0.475429
803 675337 0.230369 0.195912 0.479559
804 675396 0.230457 0.196172 0.47982
805 675456 0.228788 0.197626 0.483103
806 675516 0.228478 0.198427 0.483283
807 675575 0.228703 0.19889 0.483508
808 675635 0.230764 0.198362 0.481102
809 675695 0.231368 0.198587 0.480576
810 675755 0.231037 0.199247 0.481236
811 675815 0.231279 0.199999 0.481253
812 675875 0.239118 0.196044 0.470089
813 675935 0.239295 0.196589 0.470479
814 675995 0.23973 0.197024 0.47018
815 676055 0.239822 0.19764 0.470271
816 676115 0.23969 0.198161 0.470792
817 676175 0.234021 0.201659 0.479473
818 676236 0.234361 0.202279 0.479436
819 676296 0.233762 0.203204 0.481255
820 676356 0.23467 0.202771 0.480155
821 676417 0.234901 0.204145 0.479955
822 676477 0.235074 0.204318 0.480128
823 676538 0.234517 0.204843 0.481463
824 676598 0.23202 0.206939 0.484859
825 676659 0.232387 0.207306 0.485226
826 676720 0.231432 0.208266 0.487761
827 676780 0.231142 0.209393 0.48868
828 676841 0.230911 0.209659 0.488448
829 676902 0.228413 0.211577 0.492879
830 676963 0.229416 0.212169 0.491683
831 677024 0.229563 0.212317 0.49183
832 677085 0.229566 0.212833 0.491833
833 677146 0.229421 0.213657 0.492761
834 677207 0.229581 0.214034 0.493137
835 677268 0.229392 0.214722 0.493974
836 677329 0.229679 0.215009 0.493529
837 677391 0.229765 0.215619 0.493615
838 677452 0.230299 0.215844 0.49384
839 677513 0.230368 0.216425 0.493909
840 677575 0.230727 0.216784 0.494268
841 677636 0.23311 0.216263 0.492216
842 677698 0.233307 0.216459 0.490334
843 677759 0.233643 0.216903 0.49067
844 677821 0.234199 0.217404 0.490731
845 677882 0.233846 0.217855 0.491042
846 677944 0.234107 0.218341 0.491282
847 678006 0.235892 0.21819 0.489653
848 678068 0.235766 0.21886 0.489527
849 678129 0.235787 0.219318 0.489548
850 678191 0.236197 0.219729 0.489958
851 678253 0.236196 0.219728 0.489957
852 678315 0.235862 0.22074 0.490969
853 678377 0.234476 0.222034 0.493608
854 678439 0.232992 0.22408 0.497658
855 678502 0.230554 0.225432 0.500398
856 678564 0.230638 0.226049 0.501015
857 678626 0.230118 0.226692 0.501658
858 678688 0.23047 0.227059 0.50201
859 678751 0.22941 0.228206 0.503998
860 678813 0.228907 0.228912 0.504703
861 678875 0.229217 0.229221 0.505013
862 678938 0.229397 0.229923 0.505193
863 679000 0.229822 0.230363 0.504901
864 679063 0.22902 0.231471 0.506796
865 679125 0.229467 0.231918 0.506502
866 679188 0.224554 0.234942 0.514927
867 679251 0.224397 0.235695 0.515593
868 679314 0.22439 0.236392 0.51593
869 679376 0.225132 0.236213 0.514264
870 679439 0.225044 0.237191 0.515242
871 679502 0.22313 0.239098 0.517962
872 679565 0.223285 0.239252 0.518923
873 679628 0.223412 0.2397 0.519514
874 679691 0.223718 0.240144 0.519895
875 679754 0.22401 0.240436 0.51945
876 679817 0.22445 0.240601 0.519255
877 679880 0.224692 0.24158 0.519545
878 679944 0.227616 0.239678 0.514383
879 680007 0.227427 0.240617 0.515321
880 680070 0.227809 0.241172 0.515704
881 680134 0.231608 0.239609 0.510074
882 680197 0.231664 0.240474 0.50981
883 680260 0.233055 0.239986 0.508833
884 680324 0.232236 0.240983 0.50983
885 680387 0.233295 0.240687 0.509534
886 680451 0.232676 0.241597 0.510444
887 680515 0.233422 0.242343 0.51005
888 680578 0.234802 0.241362 0.507653
889 680642 0.235877 0.241475 0.505652
890 680706 0.236494 0.241837 0.506269
891 680770 0.236147 0.242691 0.507124
892 680834 0.236361 0.242905 0.507247
893 680897 0.236284 0.243376 0.507753
894 680961 0.237136 0.243534 0.507217
895 681025 0.236997 0.244107 0.507078
896 681089 0.237444 0.244554 0.507524
897 681154 0.237179 0.245117 0.508087
898 681218 0.237555 0.245606 0.507988
899 681282 0.23656 0.246406 0.508789
900 681346 0.235442 0.248472 0.511993
901 681410 0.236461 0.24804 0.511319
902 681475 0.236663 0.24845 0.511521
903 681539 0.237315 0.248617 0.510809
904 681603 0.234876 0.250405 0.514845
905 681668 0.232438 0.252342 0.520015
906 681732 0.231957 0.253344 0.520992
907 681797 0.231962 0.253893 0.520997
908 681861 0.23113 0.25486 0.522686
909 681926 0.230663 0.255462 0.523288
910 681991 0.230718 0.25637 0.524196
911 682055 0.230828 0.25648 0.524306
912 682120 0.225794 0.260016 0.532674
913 682185 0.223298 0.262391 0.5372
914 682250 0.22357 0.262663 0.537864
915 682315 0.22421 0.262905 0.538504
916 682380 0.224093 0.262802 0.538234
917 682445 0.223896 0.264208 0.539185
918 682510 0.22414 0.264451 0.53932
919 682575 0.225077 0.264625 0.537579
920 682640 0.225507 0.265055 0.538009
921 682705 0.226549 0.264425 0.534431
922 682770 0.227154 0.265305 0.536458
923 682835 0.226818 0.265761 0.535852
924 682901 0.227054 0.26611 0.537182
925 682966 0.228932 0.265609 0.533311
926 683031 0.229485 0.265853 0.533865
927 683097 0.229737 0.266266 0.533984
928 683162 0.229896 0.266865 0.534583
929 683228 0.230363 0.267331 0.534112
930 683293 0.230391 0.267508 0.534288
931 683359 0.230419 0.267973 0.534316
932 683424 0.23063 0.268184 0.534527
933 683490 0.231022 0.268833 0.534919
934 683556 0.231177 0.269209 0.534645
935 683621 0.23093 0.269762 0.535198
936 683687 0.230957 0.270638 0.536074
937 683753 0.231297 0.270978 0.536414
938 683819 0.230755 0.271561 0.537335
939 683885 0.230496 0.272312 0.538354
940 683951 0.23142 0.272162 0.537045
941 684017 0.23339 0.271474 0.53565
942 684083 0.232893 0.272629 0.536804
943 684149 0.231031 0.274182 0.538582
944 684215 0.231346 0.274521 0.539199
945 684281 0.23171 0.274885 0.539563
946 684347 0.232046 0.275265 0.539094
947 684413 0.234717 0.274384 0.53446
948 684480 0.232553 0.276398 0.53985
949 684546 0.232055 0.276664 0.54065
950 684612 0.232629 0.277239 0.540249
951 684679 0.236666 0.275414 0.533486
952 684745 0.237034 0.275782 0.533854
953 684812 0.237236 0.275984 0.533439
954 684878 0.237423 0.276485 0.53394
955 684945 0.237517 0.27706 0.534034
956 685011 0.232628 0.280588 0.542709
957 685078 0.232928 0.280888 0.543107
958 685145 0.2329 0.281736 0.542885
959 685211 0.232846 0.281681 0.543656
960 685278 0.233219 0.282055 0.544029
961 685345 0.233691 0.282527 0.543854
962 685412 0.233525 0.283244 0.543688
963 685479 0.234424 0.283135 0.543579
964 685545 0.234163 0.282874 0.543318
965 685612 0.234922 0.283633 0.542706
966 685679 0.235043 0.283754 0.542828
967 685746 0.235827 0.284178 0.542913
968 685813 0.23442 0.286099 0.545329
969 685881 0.234979 0.286098 0.545328
970 685948 0.235508 0.28618 0.54511
971 686015 0.233778 0.287957 0.547999
972 686082 0.233861 0.288194 0.548728
973 686149 0.236445 0.287402 0.545203
974 686217 0.236527 0.287483 0.545284
975 686284 0.236658 0.288156 0.545416
976 686351 0.236896 0.288394 0.545086
977 686419 0.237316 0.288814 0.545506
978 686486 0.237745 0.289101 0.545522
979 686554 0.237466 0.289779 0.546062
980 686621 0.237405 0.290442 0.546
981 686689 0.238184 0.290434 0.545209
982 686756 0.238711 0.291239 0.546136
983 686824 0.237658 0.291892 0.547646
984 686892 0.237855 0.292212 0.547786
985 686959 0.237176 0.293156 0.549111
986 687027 0.237476 0.293456 0.549201
987 687095 0.236944 0.294528 0.550273
988 687163 0.236585 0.295442 0.552454
989 687231 0.236115 0.296085 0.553224
990 687299 0.236934 0.296238 0.551578
991 687367 0.237298 0.296602 0.55245
992 687435 0.237421 0.296725 0.551869
993 687503 0.238337 0.296843 0.551797
994 687571 0.240639 0.296158 0.548928
995 687639 0.238928 0.297158 0.550873
996 687707 0.238904 0.297853 0.551364
997 687775 0.23885 0.298378 0.551889
998 687843 0.239527 0.298606 0.551453
999 687911 0.23995 0.29903 0.551069
1000 687980 0.240679 0.299125 0.55115
1001 688048 0.240564 0.299401 0.551426
1002 688116 0.240578 0.300006 0.551439
1003 688185 0.24374 0.298729 0.546216
1004 688253 0.241356 0.300681 0.549943
1005 688322 0.241727 0.301035 0.550658
1006 688390 0.24191 0.301219 0.550842
1007 688459 0.241322 0.302355 0.553136
1008 688527 0.241723 0.302756 0.553538
1009 688596 0.241623 0.303205 0.553503
1010 688664 0.240093 0.304693 0.557121
1011 688733 0.242181 0.303507 0.552702
1012 688802 0.242125 0.304414 0.553609
1013 688870 0.240784 0.305787 0.556173
1014 688939 0.241112 0.306115 0.556523
1015 689008 0.241257 0.306494 0.556903
1016 689077 0.241044 0.307049 0.557457
1017 689146 0.241413 0.307418 0.557513
1018 689215 0.240969 0.308498 0.558652
1019 689284 0.240083 0.309205 0.55936
1020 689353 0.241286 0.308732 0.558887
1021 689422 0.241737 0.309082 0.559236
1022 689491 0.241246 0.310141 0.55978
1023 689560 0.240475 0.311398 0.562128
1024 689629 0.241222 0.310983 0.561714
1025 689698 0.239234 0.312867 0.565866
1026 689767 0.238706 0.313813 0.566811
1027 689836 0.245582 0.309951 0.556132
1028 689906 0.244739 0.311176 0.557087
1029 689975 0.244935 0.311373 0.557284
1030 690044 0.245361 0.311798 0.556716
1031 690114 0.245152 0.312319 0.557855
1032 690183 0.245572 0.312739 0.558075
1033 690252 0.245821 0.313183 0.558324
1034 690322 0.246113 0.313476 0.557392
1035 690391 0.246281 0.313644 0.55756
1036 690461 0.24764 0.313204 0.555148
1037 690530 0.250382 0.312391 0.550472
1038 690600 0.250836 0.312555 0.550636
1039 690670 0.251022 0.312371 0.550737
1040 690739 0.251841 0.313189 0.550096
1041 690809 0.249765 0.314846 0.554597
1042 690879 0.249812 0.315219 0.554645
1043 690948 0.250875 0.315069 0.55321
1044 691018 0.251629 0.314967 0.553108
1045 691088 0.251559 0.315578 0.553038
1046 691158 0.252081 0.316099 0.55356
1047 691228 0.252757 0.315907 0.551601
1048 691298 0.254902 0.315014 0.547043
1049 691368 0.256077 0.31476 0.546211
1050 691438 0.256222 0.315422 0.546873
1051 691508 0.255738 0.316017 0.547688
1052 691578 0.257987 0.3152 0.544173
1053 691648 0.258011 0.315891 0.544864
1054 691718 0.258976 0.315573 0.54249
1055 691788 0.259969 0.315674 0.543483
1056 691858 0.25923 0.31642 0.544228
1057 691928 0.259132 0.317211 0.545019
1058 691999 0.260514 0.316415 0.542905
1059 692069 0.261351 0.316565 0.541499
1060 692139 0.261286 0.317324 0.542258
1061 692209 0.261271 0.317856 0.542212
1062 692280 0.261277 0.31849 0.542958
1063 692350 0.261665 0.318487 0.543125
1064 692421 0.261584 0.319302 0.543682
1065 692491 0.261793 0.319511 0.543579
1066 692562 0.260737 0.32108 0.546122
1067 692632 0.261221 0.32089 0.545932
1068 692703 0.261512 0.321181 0.546223
1069 692773 0.262374 0.32105 0.544256
1070 692844 0.261193 0.322459 0.547769
1071 692914 0.260585 0.323187 0.548497
1072 692985 0.258867 0.324881 0.552128
1073 693056 0.260231 0.324112 0.550282
1074 693127 0.261278 0.324124 0.550082
1075 693197 0.26105 0.324874 0.549854
1076 693268 0.260491 0.32588 0.551094
1077 693339 0.260712 0.325898 0.551111
1078 693410 0.260396 0.326789 0.552002
1079 693481 0.259769 0.327685 0.552898
1080 693551 0.259143 0.328418 0.554617
1081 693622 0.261312 0.327498 0.553156
1082 693693 0.260988 0.328429 0.553865
1083 693764 0.259784 0.329253 0.555285
1084 693835 0.2602 0.329669 0.555967
1085 693906 0.260265 0.329734 0.556031
1086 693978 0.258792 0.33249 0.562432
1087 694049 0.257573 0.332815 0.562101
1088 694120 0.257989 0.33323 0.562517
1089 694191 0.256901 0.334615 0.565844
1090 694262 0.256738 0.335334 0.566563
1091 694333 0.257278 0.335309 0.566196
1092 694405 0.256776 0.336066 0.567151
1093 694476 0.257049 0.336339 0.567239
1094 694547 0.257198 0.336813 0.567713
1095 694619 0.257445 0.337215 0.567414
1096 694690 0.257352 0.337122 0.567321
1097 694761 0.258153 0.337626 0.566824
1098 694833 0.258352 0.337825 0.567023
1099 694904 0.258826 0.3383 0.567427
1100 694976 0.258902 0.3388 0.567503
1101 695047 0.260078 0.338613 0.567292
1102 695119 0.263059 0.336816 0.559601
1103 695190 0.264497 0.336598 0.558081
1104 695262 0.264599 0.3367 0.557878
1105 695333 0.265081 0.337182 0.55726
1106 695405 0.266158 0.337145 0.557223
1107 695477 0.272449 0.333707 0.544436
1108 695548 0.272014 0.334294 0.544569
1109 695620 0.272386 0.334667 0.544942
1110 695692 0.270719 0.336062 0.548036
1111 695764 0.266631 0.339342 0.558789
1112 695836 0.266504 0.339984 0.558374
1113 695907 0.265729 0.34094 0.559329
1114 695979 0.266103 0.341053 0.559507
1115 696051 0.267159 0.340577 0.558663
1116 696123 0.266424 0.341663 0.559749
1117 696195 0.267984 0.341154 0.558209
1118 696267 0.268149 0.341644 0.557683
1119 696339 0.269395 0.341253 0.556575
1120 696411 0.269781 0.341638 0.554812
1121 696483 0.270103 0.341863 0.55578
1122 696555 0.270233 0.342297 0.556095
1123 696627 0.270048 0.342992 0.55679
1124 696699 0.270392 0.343336 0.557134
1125 696771 0.270563 0.343625 0.556659
1126 696844 0.27051 0.343998 0.557032
1127 696916 0.264509 0.348377 0.570298
1128 696988 0.264714 0.348581 0.570503
1129 697060 0.26475 0.349117 0.571038
1130 697133 0.265293 0.349224 0.570237
1131 697205 0.265524 0.349455 0.570468
1132 697277 0.265122 0.350027 0.57104
1133 697350 0.265106 0.350874 0.571887
1134 697422 0.265445 0.351213 0.572227
1135 697494 0.264961 0.351966 0.573405
1136 697567 0.26514 0.352145 0.573584
1137 697639 0.268223 0.350667 0.56821
1138 697712 0.268383 0.351075 0.568245
1139 697784 0.269936 0.350786 0.566446
1140 697857 0.269515 0.351175 0.565321
1141 697929 0.269751 0.351622 0.566839
1142 698002 0.270761 0.351162 0.56327
1143 698074 0.272524 0.350218 0.561776
1144 698147 0.272982 0.350999 0.562234
1145 698220 0.273222 0.351239 0.561218
1146 698292 0.273647 0.351665 0.561644
1147 698365 0.273759 0.35194 0.561755
1148 698438 0.273348 0.352764 0.563078
1149 698511 0.271527 0.354165 0.567039
1150 698583 0.27186 0.354515 0.567389
1151 698656 0.271789 0.354443 0.567029
1152 698729 0.27234 0.355137 0.567229
1153 698802 0.272637 0.355435 0.567372
1154 698875 0.273017 0.355815 0.566447
1155 698948 0.275014 0.35449 0.562917
1156 699020 0.274985 0.35555 0.563847
1157 699093 0.274586 0.355954 0.564251
1158 699166 0.27558 0.355955 0.563567
1159 699239 0.278728 0.354463 0.556831
1160 699312 0.279954 0.353863 0.555564
1161 699385 0.28019 0.354618 0.55552
1162 699458 0.279642 0.355049 0.556286
1163 699531 0.279477 0.355888 0.557416
1164 699605 0.28011 0.355771 0.556731
1165 699678 0.280107 0.356429 0.557856
1166 699751 0.279841 0.356832 0.558614
1167 699824 0.280358 0.357349 0.5578
1168 699897 0.277719 0.358946 0.563213
1169 699970 0.279447 0.358652 0.561407
1170 700044 0.279769 0.358526 0.559702
1171 700117 0.279654 0.359245 0.561183
1172 700190 0.279344 0.359925 0.562097
1173 700263 0.279779 0.36036 0.562532
1174 700337 0.282932 0.358485 0.555883
1175 700410 0.283084 0.359062 0.556036
1176 700483 0.283765 0.35888 0.555095
1177 700557 0.284219 0.359332 0.554873
1178 700630 0.283832 0.360287 0.555828
1179 700704 0.284169 0.360274 0.556092
1180 700777 0.286512 0.359537 0.553207
1181 700851 0.28495 0.36038 0.554969
1182 700924 0.285354 0.360783 0.554608
1183 700997 0.286674 0.360437 0.552326
1184 701071 0.286714 0.360986 0.553021
1185 701145 0.284562 0.362953 0.557232
1186 701218 0.284467 0.363406 0.558009
1187 701292 0.286089 0.363296 0.556026
1188 701365 0.28778 0.362221 0.553395
1189 701439 0.287872 0.362313 0.553473
1190 701513 0.287285 0.363138 0.554299
1191 701586 0.287666 0.363585 0.554746
1192 701660 0.287561 0.363966 0.555369
1193 701734 0.287559 0.364736 0.55624
1194 701807 0.287395 0.365102 0.556606
1195 701881 0.288712 0.364672 0.55457
1196 701955 0.288584 0.364543 0.554441
1197 702029 0.289569 0.36497 0.554865
1198 702103 0.29044 0.364829 0.55059
1199 702176 0.292611 0.363913 0.547417
1200 702250 0.291391 0.365312 0.551173
1201 702324 0.2921 0.365295 0.549915
1202 702398 0.292047 0.365242 0.549862
1203 702472 0.292448 0.365882 0.550502
1204 702546 0.292468 0.36628 0.550522
1205 702620 0.292838 0.36665 0.550891
1206 702694 0.29223 0.367137 0.551334
1207 702768 0.292511 0.36791 0.552107
1208 702842 0.291986 0.368321 0.553554
1209 702916 0.292325 0.36866 0.553698
1210 702990 0.293246 0.368451 0.553489
1211 703064 0.292407 0.369644 0.554682
1212 703138 0.292475 0.369852 0.554749
1213 703212 0.292765 0.370142 0.555039
1214 703286 0.290311 0.371831 0.560115
1215 703360 0.284692 0.376289 0.575934
1216 703434 0.28438 0.376782 0.575623
1217 703509 0.283393 0.377888 0.578033
1218 703583 0.283668 0.378164 0.578309
1219 703657 0.283819 0.378314 0.578117
1220 703731 0.284006 0.378599 0.577925
1221 703805 0.283379 0.379546 0.579382
1222 703880 0.282758 0.380481 0.581946
1223 703954 0.283023 0.380785 0.582133
1224 704028 0.283357 0.381119 0.581797
1225 704103 0.283553 0.381315 0.581742
1226 704177 0.282943 0.382189 0.583984
1227 704251 0.283326 0.382508 0.583951
1228 704326 0.287649 0.380235 0.575356
1229 704400 0.289172 0.379602 0.571934
1230 704474 0.289701 0.379246 0.570302
1231 704549 0.288775 0.380231 0.572478
1232 704623 0.28937 0.3802 0.572448
1233 704698 0.290913 0.38027 0.568902
1234 704772 0.29112 0.380478 0.569246
1235 704847 0.291205 0.380562 0.569331
1236 704921 0.291225 0.38114 0.569909
1237 704996 0.291569 0.381484 0.570253
1238 705070 0.291779 0.381692 0.569779
1239 705145 0.291913 0.381827 0.569914
1240 705219 0.292177 0.382091 0.569528
1241 705294 0.291097 0.38325 0.573227
1242 705369 0.289431 0.38498 0.575951
1243 705443 0.289378 0.384926 0.576181
1244 705518 0.291812 0.38412 0.573614
1245 705592 0.290668 0.385336 0.576365
1246 705667 0.290588 0.38586 0.576889
1247 705742 0.291065 0.386337 0.577366
1248 705816 0.290908 0.386568 0.57666
1249 705891 0.291774 0.386462 0.57667
1250 705966 0.291969 0.386785 0.576331
1251 706041 0.292316 0.386959 0.575834
1252 706115 0.292793 0.386943 0.575818
1253 706190 0.291902 0.387643 0.577502
1254 706265 0.292447 0.388188 0.578046
1255 706340 0.295783 0.386544 0.568936
1256 706415 0.296006 0.386767 0.569355
1257 706489 0.295578 0.387545 0.570358
1258 706564 0.296091 0.387418 0.570231
1259 706639 0.296493 0.387927 0.57074
1260 706714 0.298347 0.387099 0.566891
1261 706789 0.298248 0.387363 0.567095
1262 706864 0.298297 0.387412 0.567144
1263 706939 0.298742 0.387856 0.566906
1264 707014 0.298368 0.388513 0.56873
1265 707089 0.296596 0.390147 0.572295
1266 707164 0.297376 0.389863 0.572011
1267 707239 0.29792 0.389999 0.571981
1268 707314 0.298282 0.390232 0.570625
1269 707389 0.298038 0.390812 0.571577
1270 707464 0.298406 0.39118 0.571838
1271 707539 0.29846 0.391495 0.572864
1272 707614 0.298813 0.391618 0.572504
1273 707689 0.298896 0.391995 0.571987
1274 707764 0.299082 0.391852 0.571844
1275 707839 0.299251 0.392568 0.57164
1276 707914 0.300696 0.391999 0.568681
1277 707989 0.301344 0.392151 0.568833
1278 708064 0.295203 0.396786 0.58413
1279 708139 0.29539 0.396973 0.584048
1280 708214 0.295554 0.396935 0.583721
1281 708290 0.294928 0.398123 0.586003
1282 708365 0.295111 0.398306 0.58597
1283 708440 0.29505 0.398759 0.585909
1284 708515 0.295573 0.398699 0.585935
1285 708590 0.296648 0.398182 0.583116
1286 708666 0.296922 0.398567 0.583162
1287 708741 0.297884 0.39836 0.582714
1288 708816 0.298051 0.398768 0.581798
1289 708891 0.297875 0.398797 0.58174
1290 708967 0.297294 0.400139 0.585372
1291 709042 0.298282 0.399803 0.583469
1292 709117 0.298393 0.399936 0.583196
1293 709193 0.298659 0.400599 0.583461
1294 709268 0.298198 0.401004 0.584773
1295 709343 0.297693 0.402072 0.587137
1296 709419 0.297467 0.402505 0.587661
1297 709494 0.297333 0.403185 0.588411
1298 709569 0.297256 0.403354 0.58949
1299 709645 0.296865 0.404027 0.590755
1300 709720 0.296682 0.404823 0.590877
1301 709796 0.297649 0.404459 0.590228
1302 709871 0.294263 0.406911 0.598561
1303 709946 0.294538 0.407186 0.59876
1304 710022 0.294916 0.407564 0.598715
1305 710097 0.294689 0.407741 0.598675
1306 710173 0.296018 0.407631 0.596972
1307 710248 0.294578 0.409047 0.60133
1308 710324 0.294742 0.409212 0.601327
1309 710399 0.294327 0.409928 0.602136
1310 710475 0.294528 0.410129 0.602694
1311 710550 0.294692 0.410293 0.602858
1312 710626 0.293992 0.411231 0.603936
1313 710701 0.293846 0.411775 0.605608
1314 710777 0.294669 0.411524 0.603875
1315 710852 0.294677 0.412083 0.60482
1316 710928 0.295446 0.412058 0.604795
1317 711004 0.295266 0.412928 0.605665
1318 711079 0.295138 0.4128 0.605352
1319 711155 0.295682 0.413397 0.605574
1320 711230 0.295867 0.413372 0.605364
1321 711306 0.292862 0.415788 0.611504
1322 711382 0.294651 0.414579 0.607627
1323 711457 0.295231 0.41516 0.60873
1324 711533 0.29666 0.414357 0.605296
1325 711609 0.296416 0.41478 0.605657
1326 711684 0.296879 0.414741 0.604678
1327 711760 0.297166 0.415028 0.604965
1328 711836 0.29726 0.4155 0.605633
1329 711911 0.297383 0.415622 0.605756
1330 711987 0.297982 0.415833 0.605254
1331 712063 0.297612 0.416297 0.605695
1332 712138 0.297161 0.417199 0.607418
1333 712214 0.2977 0.416911 0.60713
1334 712290 0.298044 0.417255 0.607377
1335 712366 0.295789 0.419335 0.612599
1336 712441 0.295067 0.420393 0.615848
1337 712517 0.295213 0.420479 0.615994
1338 712593 0.295531 0.420574 0.615811
1339 712669 0.293801 0.422137 0.62013
1340 712744 0.297031 0.419761 0.612889
1341 712820 0.296666 0.420778 0.61267
1342 712896 0.29705 0.421038 0.613445
1343 712972 0.295794 0.422775 0.619515
1344 713048 0.295619 0.422905 0.618302
1345 713123 0.292558 0.426313 0.630868
1346 713199 0.291771 0.426578 0.630081
1347 713275 0.292268 0.426481 0.628592
1348 713351 0.298996 0.42215 0.612746
1349 713427 0.298641 0.423149 0.614665
1350 713503 0.29891 0.423419 0.614023
1351 713579 0.299058 0.423567 0.614171
1352 713655 0.297217 0.42485 0.618912
1353 713730 0.297627 0.424942 0.618456
1354 713806 0.297944 0.425259 0.618773
1355 713882 0.298558 0.425118 0.617349
1356 713958 0.299638 0.424912 0.61697
1357 714034 0.298978 0.425702 0.61776
1358 714110 0.299382 0.426005 0.616988
1359 714186 0.300526 0.424981 0.614119
1360 714262 0.300485 0.425814 0.614951
1361 714338 0.300693 0.426022 0.615159
1362 714414 0.300653 0.426326 0.615464
1363 714490 0.301236 0.426069 0.614214
1364 714566 0.301726 0.42656 0.614705
1365 714642 0.301722 0.426756 0.614284
1366 714718 0.302723 0.426274 0.612389
1367 714794 0.301866 0.427327 0.614884
1368 714870 0.301917 0.42793 0.616215
1369 714945 0.301754 0.427989 0.616731
1370 715021 0.301947 0.428374 0.616691
1371 715097 0.302419 0.428846 0.617162
1372 715174 0.302411 0.428838 0.616436
1373 715250 0.302858 0.428973 0.615948
1374 715326 0.304225 0.428382 0.612764
1375 715402 0.302792 0.429629 0.615262
1376 715478 0.303385 0.4295 0.615855
1377 715554 0.304149 0.429131 0.614103
1378 715630 0.304266 0.429713 0.614684
1379 715706 0.304294 0.430087 0.614996
1380 715782 0.304444 0.430238 0.615146
1381 715858 0.304585 0.430877 0.615285
1382 715934 0.304397 0.431145 0.616522
1383 716010 0.30472 0.431226 0.616034
1384 716086 0.304427 0.431624 0.616068
1385 716162 0.304698 0.431895 0.616993
1386 716238 0.304447 0.432375 0.618514
1387 716314 0.304669 0.432774 0.618914
1388 716390 0.30601 0.432336 0.615729
1389 716466 0.306024 0.432709 0.616006
1390 716543 0.305186 0.433668 0.617411
1391 716619 0.305186 0.433895 0.619221
1392 716695 0.305755 0.433422 0.61684
1393 716771 0.306437 0.433647 0.616497
1394 716847 0.306558 0.433768 0.616617
1395 716923 0.306734 0.433944 0.616525
1396 716999 0.307275 0.434169 0.615838
1397 717075 0.307483 0.434377 0.616045
1398 717151 0.30768 0.434574 0.616242
1399 717228 0.308673 0.434294 0.613517
1400 717304 0.310321 0.43347 0.609623
1401 717380 0.311233 0.433205 0.607797
1402 717456 0.312 0.433006 0.607598
1403 717532 0.313895 0.432171 0.60096
1404 717608 0.314196 0.431979 0.601261
1405 717684 0.313652 0.432896 0.603236
1406 717761 0.313794 0.433039 0.603378
1407 717837 0.31421 0.433455 0.603794
1408 717913 0.314668 0.433279 0.60147
1409 717989 0.314455 0.433664 0.602492
1410 718065 0.315085 0.433651 0.601798
1411 718141 0.318919 0.431601 0.592815
1412 718218 0.318957 0.431725 0.592818
1413 718294 0.316935 0.433317 0.598503
1414 718370 0.316937 0.433843 0.599029
1415 718446 0.317176 0.434082 0.599268
1416 718522 0.317237 0.434143 0.598753
1417 718598 0.31744 0.434346 0.598718
1418 718675 0.31707 0.434944 0.600177
1419 718751 0.317813 0.434853 0.599718
1420 718827 0.317862 0.435038 0.598341
1421 718903 0.318763 0.434995 0.597285
1422 718979 0.318833 0.435065 0.597201
1423 719056 0.318834 0.435413 0.597976
1424 719132 0.319177 0.435755 0.598319
1425 719208 0.31933 0.435909 0.59785
1426 719284 0.319398 0.435977 0.597918
1427 719360 0.318964 0.436487 0.59761
1428 719437 0.316614 0.438632 0.606027
1429 719513 0.31659 0.438982 0.606003
1430 719589 0.316839 0.439231 0.606855
1431 719665 0.316966 0.439359 0.606983
1432 719741 0.317458 0.439433 0.607008
1433 719818 0.316796 0.440124 0.608018
1434 719894 0.316996 0.440205 0.608099
1435 719970 0.318191 0.439626 0.606657
1436 720046 0.318495 0.439929 0.605222
1437 720122 0.318315 0.440361 0.605872
1438 720199 0.31848 0.440526 0.606037
1439 720275 0.318437 0.440826 0.606513
1440 720351 0.319538 0.441033 0.605563
1441 720427 0.319262 0.440757 0.605287
1442 720503 0.320361 0.440422 0.601388
1443 720580 0.320671 0.440732 0.602529
1444 720656 0.320739 0.440799 0.601892
1445 720732 0.321056 0.441117 0.60221
1446 720808 0.321784 0.440878 0.600495
1447 720885 0.321731 0.441206 0.600443
1448 720961 0.32166 0.441551 0.600849
1449 721037 0.322058 0.441531 0.600828
1450 721113 0.321435 0.442281 0.603474
1451 721189 0.322543 0.441737 0.600545
1452 721266 0.321946 0.442264 0.601856
1453 721342 0.322422 0.44274 0.602332
1454 721418 0.322425 0.442743 0.601678
1455 721494 0.322352 0.443473 0.604014
1456 721570 0.320397 0.444897 0.60916
1457 721647 0.320354 0.445194 0.609118
1458 721723 0.320519 0.445359 0.609283
1459 721799 0.320665 0.445504 0.609428
1460 721875 0.320791 0.445631 0.608878
1461 721951 0.320472 0.446142 0.611095
1462 722028 0.321118 0.446155 0.608408
1463 722104 0.320533 0.446957 0.612997
1464 722180 0.320073 0.447874 0.614094
1465 722256 0.320112 0.447913 0.614133
1466 722332 0.320273 0.448074 0.614012
1467 722409 0.320574 0.447759 0.613697
1468 722485 0.321427 0.44772 0.613367
1469 722561 0.318336 0.450497 0.619409
1470 722637 0.320081 0.449449 0.616517
1471 722713 0.319431 0.450136 0.619248
1472 722789 0.319114 0.450662 0.620153
1473 722866 0.319102 0.45065 0.620141
1474 722942 0.319202 0.451083 0.620573
1475 723018 0.323304 0.448682 0.60934
1476 723094 0.322627 0.449364 0.612523
1477 723170 0.322892 0.449438 0.610865
1478 723246 0.322994 0.44954 0.610967
1479 723323 0.323309 0.449518 0.610687
1480 723399 0.321885 0.450973 0.616003
1481 723475 0.321936 0.451255 0.616076
1482 723551 0.321993 0.451312 0.615483
1483 723627 0.322001 0.45132 0.615491
1484 723703 0.322798 0.451452 0.615529
1485 723779 0.322398 0.45173 0.615806
1486 723856 0.317196 0.456075 0.632614
1487 723932 0.316439 0.45666 0.634393
1488 724008 0.31645 0.457047 0.63478
1489 724084 0.313635 0.45955 0.644528
1490 724160 0.31076 0.461794 0.652892
1491 724236 0.313032 0.460255 0.6457
1492 724312 0.312506 0.461142 0.648874
1493 724388 0.31287 0.461505 0.648751
1494 724465 0.312579 0.461681 0.648926
1495 724541 0.313035 0.461606 0.647595
1496 724617 0.313282 0.462284 0.649369
1497 724693 0.312207 0.46283 0.65143
1498 724769 0.312216 0.462839 0.651439
1499 724845 0.312344 0.462968 0.651567
1500 724921 0.313773 0.462118 0.647763
1501 724997 0.313742 0.462567 0.648211
1502 725073 0.313216 0.463213 0.650447
1503 725149 0.313354 0.463351 0.650585
1504 725225 0.313387 0.463782 0.650417
1505 725302 0.312546 0.46455 0.654509
1506 725378 0.311966 0.465287 0.656917
1507 725454 0.312518 0.465258 0.654966
1508 725530 0.313563 0.464337 0.653935
1509 725606 0.313472 0.464934 0.652997
1510 725682 0.312174 0.465781 0.656605
1511 725758 0.312452 0.466254 0.656883
1512 725834 0.313382 0.465855 0.656224
1513 725910 0.312063 0.466798 0.658074
1514 725986 0.312397 0.466977 0.658253
1515 726062 0.313843 0.465407 0.651616
1516 726138 0.314785 0.465643 0.652558
1517 726214 0.314009 0.466326 0.653321
1518 726290 0.314108 0.46677 0.654715
1519 726366 0.315435 0.466242 0.650634
1520 726442 0.315453 0.46626 0.651095
1521 726518 0.314886 0.466799 0.65251
1522 726594 0.315017 0.46693 0.652641
1523 726670 0.314973 0.467176 0.652887
1524 726746 0.314057 0.468151 0.654182
1525 726822 0.315778 0.466931 0.650914
1526 726898 0.31572 0.46735 0.651762
1527 726974 0.316405 0.467171 0.650972
1528 727049 0.32098 0.464176 0.636553
1529 727125 0.320411 0.464245 0.638925
1530 727201 0.317318 0.466919 0.649053
1531 727277 0.316404 0.467954 0.651978
1532 727353 0.316629 0.468178 0.652203
1533 727429 0.316358 0.468299 0.65258
1534 727505 0.317501 0.467891 0.65208
1535 727581 0.317606 0.46808 0.649714
1536 727657 0.319046 0.466621 0.644618
1537 727733 0.317758 0.46836 0.650355
1538 727808 0.318102 0.468704 0.6507
1539 727884 0.317355 0.468908 0.651785
1540 727960 0.318705 0.468044 0.64843
1541 728036 0.318622 0.468386 0.648684
1542 728112 0.318857 0.468621 0.648919
1543 728188 0.318761 0.468526 0.64879
1544 728263 0.318993 0.468758 0.649022
1545 728339 0.317287 0.470338 0.654132
1546 728415 0.314145 0.472657 0.663254
1547 728491 0.314384 0.472895 0.663606
1548 728567 0.316726 0.471084 0.656296
1549 728642 0.316887 0.471246 0.656457
1550 728718 0.316791 0.471616 0.656846
1551 728794 0.317424 0.471298 0.655925
1552 728870 0.317705 0.471474 0.656207
1553 728945 0.317226 0.471745 0.656477
1554 729021 0.317231 0.472001 0.656979
1555 729097 0.314895 0.474216 0.665234
1556 729173 0.314551 0.474507 0.664889
1557 729248 0.31501 0.474347 0.664788
1558 729324 0.315426 0.474194 0.663689
1559 729400 0.315408 0.474362 0.663089
1560 729475 0.316124 0.473834 0.661511
1561 729551 0.31631 0.474021 0.661697
1562 729627 0.316218 0.473928 0.661605
1563 729702 0.31611 0.474341 0.662018
1564 729778 0.319279 0.472101 0.653004
1565 729854 0.3188 0.472593 0.654453
1566 729929 0.318979 0.472772 0.654633
1567 730005 0.319046 0.472681 0.65406
1568 730081 0.318859 0.473088 0.655585
1569 730156 0.319074 0.472821 0.655859
1570 730232 0.318145 0.473854 0.657905
1571 730307 0.318157 0.473866 0.657406
1572 730383 0.318295 0.474004 0.657544
1573 730458 0.319181 0.473751 0.657003
1574 730534 0.317922 0.474854 0.659699
1575 730610 0.317837 0.474769 0.659614
1576 730685 0.31834 0.474556 0.659129
1577 730761 0.317245 0.475595 0.661904
1578 730836 0.317267 0.475617 0.661926
1579 730912 0.319394 0.47374 0.654272
1580 730987 0.323267 0.471337 0.642599
1581 731063 0.325554 0.469739 0.635983
1582 731138 0.32552 0.469705 0.63595
1583 731213 0.325545 0.46973 0.635975
1584 731289 0.326136 0.469557 0.635176
1585 731364 0.325794 0.469866 0.635486
1586 731440 0.326393 0.469571 0.633298
1587 731515 0.325602 0.470115 0.635396
1588 731591 0.325813 0.470326 0.635684
1589 731666 0.325852 0.470105 0.635779
1590 731741 0.327994 0.468911 0.629123
1591 731817 0.327989 0.468939 0.629932
1592 731892 0.327709 0.469077 0.630233
1593 731967 0.327828 0.469196 0.630352
1594 732043 0.327277 0.469411 0.630567
1595 732118 0.328943 0.468178 0.624268
1596 732193 0.329547 0.468063 0.625134
1597 732269 0.327616 0.469423 0.629851
1598 732344 0.329118 0.468444 0.625539
1599 732419 0.327973 0.469201 0.629719
1600 732495 0.328125 0.469352 0.629634
1601 732570 0.327081 0.470498 0.634045
1602 732645 0.328704 0.468773 0.626484
1603 732720 0.329594 0.468276 0.624643
1604 732795 0.323757 0.472658 0.641295
1605 732871 0.32359 0.472869 0.645114
1606 732946 0.323525 0.472804 0.643459
1607 733021 0.323489 0.472768 0.643292
1608 733096 0.323162 0.473386 0.64397
1609 733171 0.320836 0.475047 0.652534
1610 733247 0.31911 0.476181 0.657837
1611 733322 0.318332 0.477055 0.660356
1612 733397 0.318675 0.476781 0.658929
1613 733472 0.318209 0.476978 0.659666
1614 733547 0.316446 0.478977 0.666803
1615 733622 0.315714 0.478809 0.667409
1616 733697 0.316015 0.478785 0.667385
1617 733772 0.315814 0.478726 0.667062
1618 733847 0.316162 0.4787 0.667037
1619 733922 0.319612 0.475709 0.655276
1620 733997 0.31957 0.475965 0.655532
1621 734072 0.31941 0.476022 0.655589
1622 734147 0.319476 0.475952 0.655656
1623 734222 0.319444 0.475919 0.655623
1624 734297 0.319372 0.4759 0.655301
1625 734372 0.321018 0.474283 0.648737
1626 734447 0.321379 0.474172 0.648626
1627 734522 0.321154 0.474411 0.648865
1628 734597 0.320764 0.474711 0.650953
1629 734672 0.321097 0.474129 0.648426
1630 734747 0.319226 0.475874 0.656336
1631 734821 0.318695 0.47571 0.655322
1632 734896 0.318091 0.476156 0.656837
1633 734971 0.317639 0.476384 0.657673
1634 735046 0.317576 0.476321 0.657886
1635 735121 0.318687 0.475166 0.653791
1636 735195 0.319284 0.474743 0.651564
1637 735270 0.319084 0.47507 0.65344
1638 735345 0.319495 0.474177 0.651128
1639 735420 0.318447 0.475078 0.652962
1640 735494 0.319161 0.474036 0.650424
1641 735569 0.319168 0.474145 0.650708
1642 735644 0.319806 0.473554 0.649001
1643 735719 0.319101 0.473696 0.650224
1644 735793 0.319365 0.473435 0.648597
1645 735868 0.320154 0.472481 0.643863
1646 735942 0.320198 0.472525 0.644779
1647 736017 0.320244 0.471983 0.644244
1648 736092 0.320793 0.470844 0.641782
1649 736166 0.318294 0.473163 0.651019
1650 736241 0.317571 0.473144 0.650999
1651 736315 0.318097 0.472595 0.65045
1652 736390 0.316803 0.473446 0.651301
1653 736464 0.314655 0.474856 0.65908
1654 736539 0.315075 0.47399 0.65723
1655 736613 0.314926 0.473841 0.65708
1656 736688 0.314765 0.47368 0.656919
1657 736762 0.314936 0.473077 0.653659
1658 736837 0.315415 0.472175 0.651252
1659 736911 0.3167 0.471055 0.646822
1660 736986 0.317649 0.469805 0.643757
1661 737060 0.316647 0.469927 0.643879
1662 737134 0.314311 0.471151 0.651222
1663 737209 0.314636 0.471476 0.652678
1664 737283 0.312555 0.47196 0.655224
1665 737357 0.31227 0.47164 0.656085
1666 737432 0.312268 0.470998 0.655852
1667 737506 0.311383 0.471398 0.657391
1668 737580 0.31125 0.471265 0.657258
1669 737655 0.310636 0.470652 0.656576
1670 737729 0.311015 0.470038 0.654983
1671 737803 0.310618 0.469641 0.654585
1672 737877 0.309157 0.470111 0.659313
1673 737951 0.308318 0.470086 0.659288
1674 738026 0.307047 0.470387 0.661617
1675 738100 0.302343 0.473215 0.674678
1676 738174 0.301397 0.473026 0.675226
1677 738248 0.3005 0.472882 0.67651
1678 738322 0.29991 0.472291 0.675919
1679 738396 0.300037 0.471758 0.675178
1680 738470 0.299552 0.471013 0.673823
1681 738544 0.298977 0.470438 0.673907
1682 738618 0.298391 0.469851 0.674119
1683 738692 0.29803 0.468928 0.673196
1684 738766 0.296409 0.469431 0.676448
1685 738840 0.296958 0.46735 0.671806
1686 738914 0.296425 0.46645 0.671133
1687 738988 0.296674 0.464335 0.66551
1688 739062 0.296083 0.463743 0.66598
1689 739136 0.295109 0.462769 0.665715
1690 739210 0.293848 0.461508 0.664454
1691 739284 0.293976 0.459645 0.662925
1692 739358 0.292623 0.458292 0.661688
1693 739432 0.291342 0.456697 0.660977
1694 739505 0.289745 0.454767 0.659303
1695 739579 0.290524 0.450566 0.651851
1696 739653 0.290914 0.445909 0.642295
1697 739727 0.287576 0.441469 0.640972
1698 739800 0.270688 0.424032 0.651217
1699 739874 0.253379 0.406757 0.665741
1700 739948 0.236296 0.389674 0.68201
1701 740022 0.218907 0.372285 0.692496
1702 740095 0.202388 0.355643 0.692644
1703 740169 0.187006 0.33859 0.688489
1704 740243 0.169888 0.321415 0.688036
1705 740316 0.152676 0.304098 0.686601
1706 740390 0.135314 0.286736 0.685135
1707 740464 0.118246 0.269668 0.683969
1708 740537 0.101256 0.252707 0.682152
1709 740611 0.0845071 0.235777 0.681014
1710 740684 0.067236 0.218506 0.680234
1711 740758 0.0498267 0.201097 0.678944
1712 740832 0.0326818 0.183952 0.678892
1713 740905 0.0156154 0.166665 0.679716
1714 740979 -0.00132004 0.149231 0.677968
1715 741053 -0.0185834 0.132206 0.678978
1716 741126 -0.0356285 0.115161 0.678565
1717 741200 -0.0530567 0.097733 0.680093
1718 741274 -0.0699621 0.0805165 0.682214
1719 741348 -0.0873791 0.0639293 0.680944
1720 741422 -0.104645 0.0466636 0.682585
1721 741496 -0.121718 0.029405 0.684468
1722 741569 -0.13906 0.0121063 0.68516
1723 741643 -0.156478 -0.00453095 0.689414
1724 741718 -0.173764 -0.0218167 0.690287
1725 741792 -0.191216 -0.039268 0.692238
1726 741866 -0.208541 -0.0566976 0.694148
1727 741940 -0.225691 -0.0740481 0.696542
1728 742014 -0.242869 -0.0900734 0.698101
1729 742089 -0.260223 -0.107428 0.700438
1730 742163 -0.277405 -0.124544 0.705534
1731 742238 -0.293475 -0.141111 0.704907
1732 742313 -0.310896 -0.158378 0.711257
1733 742387 -0.328207 -0.175552 0.714437
1734 742462 -0.345174 -0.19295 0.717618
1735 742537 -0.362547 -0.210165 0.719789
1736 742612 -0.379426 -0.227603 0.729107
1737 742687 -0.396737 -0.244954 0.731236
1738 742763 -0.414031 -0.262247 0.734386
1739 742838 -0.431391 -0.279029 0.738434
1740 742913 -0.448601 -0.296239 0.745814
1741 742989 -0.464942 -0.313297 0.749897
1742 743064 -0.482129 -0.330009 0.757204
1743 743140 -0.499377 -0.347231 0.76125
1744 743216 -0.516268 -0.364349 0.767684
1745 743292 -0.532368 -0.381199 0.773493
1746 743368 -0.549746 -0.398305 0.779056
1747 743444 -0.567092 -0.415534 0.785509
1748 743520 -0.584532 -0.432973 0.793361
1749 743596 -0.601415 -0.450036 0.800551
1750 743672 -0.618209 -0.467047 0.807787
1751 743749 -0.635511 -0.48447 0.816449
1752 743825 -0.652734 -0.501829 0.826581
1753 743901 -0.669849 -0.51923 0.83217
1754 743978 -0.687284 -0.536649 0.841614
1755 744054 -0.704245 -0.553821 0.846441
1756 744131 -0.721355 -0.57093 0.859899
1757 744207 -0.738689 -0.588018 0.87083
1758 744284 -0.755922 -0.60495 0.88113
1759 744361 -0.77323 -0.62219 0.891819
1760 744437 -0.790217 -0.639566 0.904575
1761 744514 -0.806876 -0.655891 0.918939
1762 744590 -0.824179 -0.673194 0.926475
1763 744667 -0.841058 -0.689772 0.940264
1764 744744 -0.854443 -0.695052 0.947136
1765 744820 -0.852904 -0.695051 0.945773
1766 744897 -0.850308 -0.697424 0.945524
1767 744973 -0.849112 -0.697305 0.944966
1768 745050 -0.846178 -0.698457 0.943888
1769 745126 -0.844691 -0.698955 0.942977
1770 745203 -0.843217 -0.699297 0.942635
1771 745279 -0.842698 -0.698772 0.942613
1772 745356 -0.843355 -0.696403 0.941956
1773 745432 -0.840208 -0.698388 0.940866
1774 745508 -0.842103 -0.695776 0.941165
1775 745585 -0.840898 -0.695432 0.940337
1776 745661 -0.84064 -0.694629 0.940199
1777 745737 -0.839604 -0.694188 0.939803
1778 745813 -0.838259 -0.694954 0.939069
1779 745890 -0.837768 -0.694269 0.939204
1780 745966 -0.836021 -0.694764 0.937886
1781 746042 -0.835942 -0.694079 0.937966
1782 746118 -0.831912 -0.696154 0.93589
1783 746194 -0.831292 -0.696502 0.936161
1784 746270 -0.830704 -0.695261 0.93527
1785 746346 -0.830524 -0.694807 0.935257
1786 746422 -0.83085 -0.692701 0.934931
1787 746498 -0.832068 -0.691541 0.935018
1788 746574 -0.829678 -0.691402 0.933575
1789 746650 -0.829191 -0.690914 0.933402
1790 746726 -0.829482 -0.68934 0.933192
1791 746802 -0.828185 -0.689764 0.932769
1792 746878 -0.828185 -0.688538 0.932409
1793 746954 -0.827649 -0.688002 0.932463
1794 747029 -0.831928 -0.681539 0.932528
1795 747105 -0.831531 -0.681143 0.932133
1796 747181 -0.833296 -0.67779 0.932508
1797 747256 -0.832604 -0.67788 0.93182
1798 747332 -0.832121 -0.677001 0.931272
1799 747408 -0.8343 -0.673347 0.931385
1800 747483 -0.833627 -0.673298 0.931024
1801 747559 -0.832948 -0.672092 0.930542
1802 747634 -0.847773 -0.655693 0.9334
1803 747710 -0.848263 -0.654092 0.93291
1804 747786 -0.848425 -0.652756 0.932504
1805 747861 -0.848155 -0.652485 0.932537
1806 747936 -0.842425 -0.656804 0.930701
1807 748012 -0.841337 -0.655825 0.930026
1808 748087 -0.841181 -0.655669 0.930168
1809 748162 -0.84027 -0.655653 0.930003
1810 748238 -0.839797 -0.655179 0.929074
1811 748313 -0.840196 -0.653146 0.929129
1812 748388 -0.839917 -0.652068 0.928804
1813 748464 -0.840012 -0.651333 0.928709
1814 748539 -0.839424 -0.650744 0.928207
1815 748614 -0.850502 -0.636946 0.929189
1816 748689 -0.850192 -0.636637 0.929408
1817 748764 -0.84964 -0.636085 0.929154
1818 748839 -0.849464 -0.634707 0.928938
1819 748914 -0.847005 -0.63588 0.927766
1820 748989 -0.846853 -0.635352 0.927657
1821 749064 -0.844185 -0.636674 0.926491
1822 749139 -0.843611 -0.636099 0.926479
1823 749214 -0.843987 -0.63499 0.926103
1824 749289 -0.84307 -0.634072 0.925193
1825 749364 -0.842696 -0.633847 0.925419
1826 749438 -0.840404 -0.635231 0.924716
1827 749513 -0.829805 -0.644655 0.922243
1828 749588 -0.833452 -0.639877 0.922362
1829 749663 -0.834029 -0.638218 0.922578
1830 749737 -0.830847 -0.639838 0.921244
1831 749812 -0.830182 -0.640001 0.921081
1832 749887 -0.829202 -0.639536 0.92043
1833 749961 -0.828481 -0.638815 0.919928
1834 750036 -0.8264 -0.639727 0.919016
1835 750110 -0.826052 -0.639379 0.919278
1836 750185 -0.83089 -0.632898 0.919645
1837 750259 -0.831268 -0.631021 0.919268
1838 750333 -0.846844 -0.614065 0.922444
1839 750408 -0.845553 -0.613728 0.921585
1840 750482 -0.842475 -0.616143 0.920453
1841 750557 -0.840925 -0.616181 0.920414
1842 750631 -0.839946 -0.616461 0.920044
1843 750705 -0.840583 -0.614703 0.91992
1844 750779 -0.840145 -0.613587 0.919696
1845 750853 -0.846633 -0.605587 0.920206
1846 750928 -0.848409 -0.602204 0.920286
1847 751002 -0.848392 -0.601642 0.920302
1848 751076 -0.848019 -0.600843 0.919997
1849 751150 -0.848682 -0.5996 0.920119
1850 751224 -0.850109 -0.596043 0.919839
1851 751298 -0.850546 -0.594542 0.919403
1852 751372 -0.8475 -0.596298 0.918659
1853 751446 -0.845972 -0.597051 0.918021
1854 751519 -0.84629 -0.595413 0.918094
1855 751593 -0.845199 -0.595192 0.917363
1856 751667 -0.844582 -0.594575 0.917137
1857 751741 -0.843918 -0.59419 0.916892
1858 751814 -0.844422 -0.593236 0.916388
1859 751888 -0.841173 -0.594395 0.915533
1860 751962 -0.84049 -0.594494 0.915106
1861 752035 -0.84205 -0.591832 0.915668
1862 752109 -0.841429 -0.591212 0.914861
1863 752183 -0.837186 -0.594675 0.91351
1864 752256 -0.827933 -0.602929 0.912133
1865 752329 -0.824976 -0.60443 0.910632
1866 752403 -0.815827 -0.612531 0.908306
1867 752476 -0.816089 -0.611846 0.908698
1868 752550 -0.815245 -0.611001 0.907825
1869 752623 -0.812515 -0.613037 0.907204
1870 752696 -0.811611 -0.612629 0.906751
1871 752770 -0.810963 -0.611886 0.906345
1872 752843 -0.807264 -0.615116 0.905174
1873 752916 -0.806521 -0.614373 0.904881
1874 752989 -0.806329 -0.613003 0.90429
1875 753062 -0.804878 -0.613501 0.903926
1876 753135 -0.804436 -0.613059 0.904368
1877 753208 -0.803787 -0.61241 0.903037
1878 753281 -0.810088 -0.605202 0.90522
1879 753354 -0.810548 -0.603785 0.904677
1880 753427 -0.806551 -0.605993 0.903313
1881 753500 -0.806986 -0.604725 0.902879
1882 753573 -0.80496 -0.605414 0.902613
1883 753646 -0.805251 -0.604566 0.902322
1884 753718 -0.805234 -0.602438 0.901805
1885 753791 -0.799433 -0.607608 0.900372
1886 753864 -0.799291 -0.607029 0.900273
1887 753936 -0.799099 -0.605456 0.900018
1888 754009 -0.799032 -0.604774 0.899448
1889 754082 -0.798981 -0.603301 0.899499
1890 754154 -0.801103 -0.600476 0.899834
1891 754227 -0.801294 -0.598917 0.899283
1892 754299 -0.800888 -0.598397 0.899689
1893 754372 -0.799235 -0.598909 0.89846
1894 754444 -0.789337 -0.607198 0.895926
1895 754516 -0.788617 -0.607006 0.895407
1896 754589 -0.788495 -0.606171 0.894988
1897 754661 -0.789191 -0.604104 0.895133
1898 754733 -0.77637 -0.615808 0.891612
1899 754805 -0.776676 -0.614221 0.891306
1900 754877 -0.774948 -0.614785 0.890609
1901 754950 -0.774914 -0.613679 0.890643
1902 755022 -0.774456 -0.61322 0.890196
1903 755094 -0.773199 -0.613587 0.88982
1904 755166 -0.772754 -0.612402 0.889305
1905 755238 -0.776601 -0.607644 0.890657
1906 755309 -0.77588 -0.607205 0.889514
1907 755381 -0.776086 -0.605497 0.889723
1908 755453 -0.775806 -0.605032 0.890003
1909 755525 -0.772761 -0.60712 0.888141
1910 755597 -0.770327 -0.607722 0.88721
1911 755668 -0.770028 -0.607249 0.887073
1912 755740 -0.76649 -0.610235 0.8862
1913 755812 -0.763156 -0.611722 0.884713
1914 755883 -0.751287 -0.622685 0.881377
1915 755955 -0.749739 -0.621876 0.88049
1916 756026 -0.74932 -0.621457 0.880103
1917 756098 -0.747383 -0.621964 0.879596
1918 756169 -0.747567 -0.621171 0.879412
1919 756241 -0.746581 -0.620592 0.878701
1920 756312 -0.746613 -0.620194 0.878669
1921 756383 -0.746142 -0.619327 0.878258
1922 756454 -0.747754 -0.616244 0.878669
1923 756526 -0.746982 -0.616175 0.878468
1924 756597 -0.747923 -0.613947 0.878269
1925 756668 -0.746688 -0.613723 0.877835
1926 756739 -0.747489 -0.612198 0.87779
1927 756810 -0.739544 -0.618706 0.875621
1928 756881 -0.739008 -0.618129 0.875156
1929 756952 -0.737354 -0.618495 0.874225
1930 757023 -0.736327 -0.618434 0.873716
1931 757094 -0.745307 -0.608322 0.876281
1932 757165 -0.744698 -0.607713 0.875714
1933 757235 -0.745303 -0.606087 0.876303
1934 757306 -0.741471 -0.608675 0.874189
1935 757377 -0.741275 -0.607776 0.874352
1936 757448 -0.740162 -0.608264 0.873863
1937 757518 -0.731774 -0.614329 0.871104
1938 757589 -0.731228 -0.613784 0.870389
1939 757659 -0.728977 -0.61479 0.869511
1940 757730 -0.73189 -0.611586 0.870986
1941 757800 -0.730696 -0.611174 0.869917
1942 757871 -0.731585 -0.60914 0.870135
1943 757941 -0.731047 -0.608602 0.869455
1944 758011 -0.728333 -0.609951 0.868106
1945 758082 -0.728236 -0.609485 0.868203
1946 758152 -0.727673 -0.609456 0.868232
1947 758222 -0.726493 -0.608571 0.867786
1948 758292 -0.72527 -0.608382 0.866979
1949 758362 -0.725051 -0.608163 0.867051
1950 758432 -0.724303 -0.608034 0.867113
1951 758502 -0.723975 -0.607111 0.866371
1952 758572 -0.723171 -0.606306 0.865545
1953 758642 -0.722472 -0.605989 0.865391
1954 758712 -0.722757 -0.604766 0.865317
1955 758782 -0.720158 -0.605854 0.864434
1956 758852 -0.721177 -0.603109 0.864408
1957 758922 -0.721556 -0.600999 0.864029
1958 758991 -0.721679 -0.600659 0.863906
1959 759061 -0.729052 -0.592425 0.866056
1960 759131 -0.729069 -0.591112 0.865691
1961 759200 -0.727761 -0.591676 0.865742
1962 759270 -0.719101 -0.598803 0.862663
1963 759339 -0.718862 -0.598225 0.862686
1964 759409 -0.719064 -0.596208 0.862484
1965 759478 -0.718567 -0.596163 0.862365
1966 759547 -0.717741 -0.595337 0.861469
1967 759617 -0.715754 -0.596116 0.86069
1968 759686 -0.7151 -0.595462 0.86037
1969 759755 -0.715305 -0.593742 0.860164
1970 759824 -0.715195 -0.593632 0.860274
1971 759893 -0.714684 -0.592912 0.859727
1972 759962 -0.713973 -0.592511 0.859422
1973 760031 -0.714 -0.591324 0.859395
1974 760100 -0.71378 -0.589962 0.858895
1975 760169 -0.716805 -0.586576 0.85974
1976 760238 -0.713505 -0.588057 0.858515
1977 760307 -0.714284 -0.586719 0.858718
1978 760376 -0.71196 -0.587651 0.857786
1979 760445 -0.711848 -0.586695 0.857609
1980 760513 -0.711502 -0.585919 0.857422
1981 760582 -0.711057 -0.585475 0.856981
1982 760650 -0.710008 -0.584426 0.856613
1983 760719 -0.709789 -0.584206 0.856512
1984 760788 -0.702814 -0.589642 0.853987
1985 760856 -0.703128 -0.588754 0.853673
1986 760924 -0.702299 -0.587611 0.852915
1987 760993 -0.701575 -0.58753 0.852996
1988 761061 -0.702791 -0.585613 0.853344
1989 761129 -0.703003 -0.584068 0.853132
1990 761198 -0.701315 -0.58485 0.85235
1991 761266 -0.699615 -0.584959 0.851753
1992 761334 -0.707011 -0.576347 0.853868
1993 761402 -0.707608 -0.575359 0.854613
1994 761470 -0.708333 -0.573388 0.854441
1995 761538 -0.708691 -0.572291 0.854352
1996 761606 -0.71217 -0.567502 0.85489
1997 761674 -0.71121 -0.567705 0.854687
1998 761742 -0.710778 -0.566925 0.855119
1999 761809 -0.710481 -0.565939 0.854341
2000 761877 -0.712266 -0.563061 0.854566
2001 761945 -0.713528 -0.560185 0.854937
2002 762013 -0.713688 -0.559471 0.854777
2003 762080 -0.719706 -0.55267 0.856399
2004 762148 -0.718543 -0.552765 0.856181
2005 762215 -0.715891 -0.553766 0.85518
2006 762283 -0.715821 -0.553189 0.85525
2007 762350 -0.714716 -0.553125 0.854184
2008 762417 -0.713834 -0.552848 0.854134
2009 762485 -0.712996 -0.55201 0.853529
2010 762552 -0.712511 -0.551664 0.853336
2011 762619 -0.716827 -0.546829 0.854508
2012 762686 -0.716204 -0.546104 0.854516
2013 762753 -0.718401 -0.542628 0.854888
2014 762821 -0.718031 -0.542257 0.854801
2015 762888 -0.717811 -0.540752 0.854175
2016 762955 -0.715675 -0.541491 0.853436
2017 763021 -0.715738 -0.540791 0.853373
2018 763088 -0.715099 -0.540151 0.853103
2019 763155 -0.714403 -0.539651 0.852439
2020 763222 -0.713795 -0.539372 0.852718
2021 763289 -0.712366 -0.539599 0.851948
2022 763355 -0.718689 -0.532195 0.853715
2023 763422 -0.71781 -0.531936 0.853202
2024 763488 -0.72073 -0.528233 0.854242
2025 763555 -0.724879 -0.523353 0.855505
2026 763621 -0.724948 -0.521355 0.855435
2027 763688 -0.725225 -0.520394 0.855159
2028 763754 -0.726138 -0.519025 0.855619
2029 763820 -0.726288 -0.517151 0.855469
2030 763887 -0.727345 -0.514869 0.855574
2031 763953 -0.727624 -0.513564 0.855295
2032 764019 -0.721706 -0.518499 0.853305
2033 764085 -0.721048 -0.517913 0.852847
2034 764151 -0.720442 -0.517344 0.853453
2035 764217 -0.720504 -0.516082 0.852323
2036 764283 -0.720271 -0.515646 0.852552
2037 764349 -0.721264 -0.513645 0.853043
2038 764415 -0.720905 -0.513187 0.852907
2039 764481 -0.720599 -0.512047 0.852511
2040 764546 -0.720635 -0.511494 0.852297
2041 764612 -0.722 -0.508515 0.85237
2042 764678 -0.7198 -0.509136 0.85175
2043 764743 -0.723632 -0.50478 0.853138
2044 764809 -0.72203 -0.50425 0.852155
2045 764874 -0.718556 -0.507146 0.850698
2046 764940 -0.717812 -0.506702 0.850665
2047 765005 -0.717461 -0.506286 0.851015
2048 765071 -0.71606 -0.506217 0.849967
2049 765136 -0.716389 -0.504774 0.850017
2050 765201 -0.71618 -0.503117 0.849538
2051 765266 -0.710447 -0.508095 0.847753
2052 765331 -0.71036 -0.506985 0.847907
2053 765396 -0.71018 -0.506257 0.84757
2054 765461 -0.708007 -0.507796 0.847049
2055 765526 -0.707542 -0.507332 0.846767
2056 765591 -0.7066 -0.506494 0.846539
2057 765656 -0.704056 -0.507919 0.845114
2058 765721 -0.703636 -0.507107 0.844935
2059 765786 -0.701987 -0.508118 0.844691
2060 765850 -0.703704 -0.505043 0.84563
2061 765915 -0.702617 -0.504832 0.844212
2062 765980 -0.702591 -0.503594 0.844237
2063 766044 -0.698671 -0.506535 0.842535
2064 766109 -0.698301 -0.505999 0.842905
2065 766173 -0.705323 -0.49818 0.84518
2066 766238 -0.703377 -0.498798 0.843799
2067 766302 -0.703701 -0.497232 0.844086
2068 766366 -0.703596 -0.496604 0.843926
2069 766430 -0.703042 -0.495792 0.843558
2070 766494 -0.702602 -0.495232 0.843703
2071 766559 -0.69894 -0.497192 0.841749
2072 766623 -0.704827 -0.490865 0.843877
2073 766687 -0.700629 -0.493701 0.842274
2074 766751 -0.703566 -0.490093 0.842971
2075 766814 -0.706074 -0.485904 0.843844
2076 766878 -0.705496 -0.485326 0.843687
2077 766942 -0.705309 -0.484924 0.843618
2078 767006 -0.7056 -0.483568 0.843278
2079 767069 -0.704361 -0.483636 0.843537
2080 767133 -0.703698 -0.483585 0.843011
2081 767197 -0.703618 -0.482054 0.84302
2082 767260 -0.702748 -0.481357 0.842383
2083 767324 -0.699767 -0.483392 0.840896
2084 767387 -0.707959 -0.475103 0.843899
2085 767450 -0.707186 -0.474329 0.843381
2086 767514 -0.707396 -0.472824 0.843392
2087 767577 -0.703756 -0.474791 0.842348
2088 767640 -0.703891 -0.474336 0.842213
2089 767703 -0.703703 -0.473237 0.841758
2090 767766 -0.702968 -0.4729 0.841964
2091 767829 -0.702791 -0.472177 0.841693
2092 767892 -0.702882 -0.470815 0.841603
2093 767955 -0.699831 -0.472803 0.840563
2094 768018 -0.698513 -0.472643 0.839644
2095 768081 -0.698299 -0.47195 0.839858
2096 768143 -0.692845 -0.476785 0.838145
2097 768206 -0.691209 -0.476622 0.837095
2098 768269 -0.690779 -0.476091 0.837526
2099 768331 -0.692379 -0.473428 0.837289
2100 768394 -0.692202 -0.472687 0.837439
2101 768456 -0.6909 -0.472215 0.836636
2102 768519 -0.690354 -0.471669 0.836583
2103 768581 -0.687828 -0.473395 0.835612
2104 768643 -0.686842 -0.473733 0.835274
2105 768706 -0.685224 -0.47388 0.835127
2106 768768 -0.683399 -0.474675 0.833906
2107 768830 -0.683087 -0.473597 0.833857
2108 768892 -0.683633 -0.4719 0.833822
2109 768954 -0.685404 -0.468935 0.834495
2110 769016 -0.685341 -0.468873 0.834557
2111 769078 -0.684747 -0.467541 0.834341
2112 769140 -0.684234 -0.467439 0.833855
2113 769201 -0.682737 -0.467573 0.833528
2114 769263 -0.682439 -0.466661 0.832989
2115 769325 -0.68257 -0.465537 0.833559
2116 769386 -0.680791 -0.465615 0.832131
2117 769448 -0.678179 -0.467104 0.830691
2118 769509 -0.677777 -0.466703 0.831092
2119 769571 -0.678656 -0.465039 0.831571
2120 769632 -0.675965 -0.466995 0.830532
2121 769693 -0.675981 -0.465399 0.830517
2122 769755 -0.675757 -0.464766 0.830628
2123 769816 -0.679964 -0.459154 0.831514
2124 769877 -0.67489 -0.463254 0.829896
2125 769938 -0.680054 -0.457393 0.83116
2126 769999 -0.67943 -0.456769 0.831529
2127 770060 -0.679868 -0.455108 0.831091
2128 770121 -0.679074 -0.455069 0.831129
2129 770182 -0.678925 -0.453969 0.830878
2130 770243 -0.67731 -0.454759 0.830088
2131 770303 -0.675024 -0.455227 0.829766
2132 770364 -0.670582 -0.458858 0.828134
2133 770425 -0.670177 -0.458229 0.828043
2134 770485 -0.664398 -0.462515 0.825679
2135 770546 -0.671267 -0.454833 0.827812
2136 770606 -0.669036 -0.455826 0.826818
2137 770667 -0.668708 -0.455322 0.827146
2138 770727 -0.666678 -0.456173 0.826296
2139 770787 -0.664216 -0.457203 0.825302
2140 770847 -0.66421 -0.456565 0.825628
2141 770907 -0.664429 -0.455069 0.82541
2142 770968 -0.664697 -0.453703 0.825141
2143 771028 -0.66302 -0.4541 0.824654
2144 771088 -0.662897 -0.453277 0.824777
2145 771147 -0.662056 -0.453149 0.824905
2146 771207 -0.65997 -0.454116 0.823216
2147 771267 -0.659243 -0.453389 0.823014
2148 771327 -0.657846 -0.453649 0.822754
2149 771386 -0.657361 -0.453087 0.822345
2150 771446 -0.658051 -0.451743 0.822965
2151 771506 -0.658047 -0.451054 0.82257
2152 771565 -0.66349 -0.444032 0.824939
2153 771625 -0.66393 -0.442644 0.824498
2154 771684 -0.66225 -0.443345 0.823798
2155 771743 -0.661021 -0.443311 0.823342
2156 771802 -0.662029 -0.44136 0.823481
2157 771862 -0.662063 -0.440109 0.823614
2158 771921 -0.654276 -0.44657 0.820142
2159 771980 -0.653343 -0.446229 0.820483
2160 772039 -0.654009 -0.444903 0.820884
2161 772098 -0.657208 -0.440627 0.821558
2162 772157 -0.655812 -0.441043 0.821141
2163 772216 -0.656018 -0.438955 0.820935
2164 772274 -0.65316 -0.440352 0.819584
2165 772333 -0.652769 -0.440656 0.819975
2166 772392 -0.657968 -0.434951 0.822152
2167 772450 -0.657821 -0.434058 0.822299
2168 772509 -0.659019 -0.431183 0.822362
2169 772567 -0.65886 -0.430626 0.822211
2170 772626 -0.658956 -0.429099 0.822115
2171 772684 -0.658248 -0.429125 0.822089
2172 772742 -0.657645 -0.42836 0.821155
2173 772801 -0.657185 -0.4279 0.821615
2174 772859 -0.660401 -0.423835 0.822385
2175 772917 -0.660942 -0.421916 0.822675
2176 772975 -0.661752 -0.419936 0.822862
2177 773033 -0.661661 -0.419095 0.822953
2178 773091 -0.65963 -0.420043 0.822118
2179 773149 -0.658488 -0.420087 0.822074
2180 773206 -0.657356 -0.420407 0.821145
2181 773264 -0.655119 -0.421483 0.820115
2182 773322 -0.655469 -0.419862 0.820357
2183 773379 -0.655038 -0.419431 0.820516
2184 773437 -0.654772 -0.419166 0.820424
2185 773494 -0.6533 -0.418508 0.819773
2186 773552 -0.652836 -0.418044 0.819596
2187 773609 -0.652734 -0.417942 0.819432
2188 773666 -0.651723 -0.416931 0.819083
2189 773724 -0.65048 -0.417387 0.818626
2190 773781 -0.649604 -0.416511 0.818081
2191 773838 -0.657298 -0.408102 0.820785
2192 773895 -0.657062 -0.407347 0.821021
2193 773952 -0.658358 -0.406221 0.820428
2194 774009 -0.656601 -0.406142 0.820682
2195 774066 -0.656268 -0.405809 0.820957
2196 774123 -0.657961 -0.402263 0.820808
2197 774179 -0.656584 -0.402609 0.820461
2198 774236 -0.662988 -0.39568 0.822722
2199 774293 -0.661231 -0.396341 0.822175
2200 774349 -0.659763 -0.396128 0.821569
2201 774406 -0.659775 -0.395886 0.821488
2202 774462 -0.658951 -0.395062 0.821374
2203 774518 -0.658712 -0.39422 0.821111
2204 774575 -0.661792 -0.389985 0.822045
2205 774631 -0.669483 -0.381486 0.825147
2206 774687 -0.669715 -0.380293 0.825124
2207 774743 -0.669157 -0.379736 0.824859
2208 774799 -0.668551 -0.379129 0.824727
2209 774855 -0.66696 -0.379558 0.824299
2210 774911 -0.66649 -0.379088 0.823979
2211 774967 -0.664723 -0.379794 0.823308
2212 775023 -0.664406 -0.378908 0.823232
2213 775079 -0.664776 -0.377895 0.823345
2214 775134 -0.664726 -0.376894 0.823394
2215 775190 -0.663379 -0.376911 0.822668
2216 775245 -0.671351 -0.368423 0.825794
2217 775301 -0.670237 -0.368054 0.825278
2218 775356 -0.669878 -0.367652 0.824795
2219 775412 -0.6722 -0.364603 0.826009
2220 775467 -0.671737 -0.36357 0.825756
2221 775522 -0.669188 -0.364891 0.824859
2222 775577 -0.667742 -0.364825 0.824283
2223 775632 -0.667531 -0.364614 0.824493
2224 775687 -0.665824 -0.365159 0.823839
2225 775742 -0.667014 -0.363036 0.824348
2226 775797 -0.664544 -0.363965 0.823152
2227 775852 -0.663645 -0.364196 0.822921
2228 775907 -0.664008 -0.362951 0.823008
2229 775962 -0.662755 -0.362532 0.822829
2230 776016 -0.661274 -0.363031 0.821839
2231 776071 -0.660952 -0.362213 0.822161
2232 776125 -0.658533 -0.363634 0.820739
2233 776180 -0.656939 -0.364129 0.820245
2234 776234 -0.659494 -0.360672 0.821312
2235 776289 -0.658876 -0.36027 0.821362
2236 776343 -0.663642 -0.354454 0.822913
2237 776397 -0.667957 -0.349087 0.824851
2238 776451 -0.667696 -0.348222 0.824109
2239 776505 -0.66722 -0.347746 0.824241
2240 776559 -0.665516 -0.348304 0.823683
2241 776613 -0.664807 -0.347695 0.82319
2242 776667 -0.664707 -0.346529 0.82329
2243 776721 -0.664477 -0.346299 0.82321
2244 776774 -0.663192 -0.346058 0.822472
2245 776828 -0.661849 -0.346462 0.822282
2246 776882 -0.661257 -0.345984 0.822132
2247 776935 -0.661087 -0.345488 0.822302
2248 776989 -0.660149 -0.344954 0.821719
2249 777042 -0.674742 -0.328507 0.827148
2250 777095 -0.674538 -0.328428 0.82673
2251 777149 -0.674021 -0.327967 0.826641
2252 777202 -0.672738 -0.32864 0.825968
2253 777255 -0.670621 -0.329105 0.825503
2254 777308 -0.670389 -0.328088 0.825735
2255 777361 -0.669564 -0.328125 0.825179
2256 777414 -0.669061 -0.327622 0.824979
2257 777467 -0.668022 -0.327473 0.825128
2258 777520 -0.676933 -0.317367 0.82796
2259 777573 -0.676917 -0.31735 0.827925
2260 777625 -0.676148 -0.315604 0.827519
2261 777678 -0.678731 -0.312186 0.828978
2262 777730 -0.684668 -0.305236 0.830517
2263 777783 -0.685005 -0.304213 0.830927
2264 777835 -0.681343 -0.306887 0.830047
2265 777888 -0.67946 -0.308022 0.828912
2266 777940 -0.67862 -0.307182 0.828591
2267 777992 -0.679345 -0.305325 0.828836
2268 778044 -0.678931 -0.304832 0.82925
2269 778096 -0.675748 -0.306653 0.827429
2270 778149 -0.675314 -0.306219 0.827443
2271 778200 -0.673671 -0.306839 0.826823
2272 778252 -0.671616 -0.307966 0.826298
2273 778304 -0.67108 -0.30798 0.826051
2274 778356 -0.672408 -0.305044 0.826497
2275 778408 -0.673185 -0.303172 0.826751
2276 778459 -0.672314 -0.303406 0.826518
2277 778511 -0.670843 -0.303719 0.826062
2278 778562 -0.670196 -0.303044 0.826284
2279 778614 -0.668664 -0.303327 0.825334
2280 778665 -0.670302 -0.300594 0.826089
2281 778716 -0.67053 -0.299531 0.825861
2282 778768 -0.671758 -0.297438 0.8267
2283 778819 -0.671417 -0.296418 0.826559
2284 778870 -0.669568 -0.296759 0.826
2285 778921 -0.674697 -0.290939 0.828031
2286 778972 -0.674169 -0.290459 0.827542
2287 779023 -0.674034 -0.289888 0.827677
2288 779073 -0.673765 -0.288865 0.827946
2289 779124 -0.673912 -0.287568 0.827799
2290 779175 -0.673496 -0.286682 0.827336
2291 779226 -0.676423 -0.28245 0.828553
2292 779276 -0.677186 -0.281203 0.828789
2293 779327 -0.676871 -0.280888 0.829104
2294 779377 -0.674704 -0.28114 0.82803
2295 779427 -0.674862 -0.280366 0.828189
2296 779478 -0.673597 -0.280343 0.8278
2297 779528 -0.673197 -0.280068 0.827802
2298 779578 -0.672901 -0.27899 0.827336
2299 779628 -0.66993 -0.280586 0.826334
2300 779678 -0.668854 -0.281153 0.826137
2301 779728 -0.670873 -0.277898 0.82694
2302 779778 -0.670293 -0.277319 0.826991
2303 779828 -0.669433 -0.277191 0.826585
2304 779877 -0.667251 -0.278863 0.825719
2305 779927 -0.666843 -0.277931 0.825506
2306 779977 -0.666857 -0.276557 0.825932
2307 780026 -0.657616 -0.28543 0.822887
2308 780076 -0.655953 -0.285275 0.82147
2309 780125 -0.656702 -0.283498 0.822842
2310 780174 -0.65573 -0.284169 0.822168
2311 780224 -0.656594 -0.281813 0.822521
2312 780273 -0.657494 -0.279799 0.822756
2313 780322 -0.655394 -0.28054 0.822015
2314 780371 -0.655371 -0.280037 0.822038
2315 780420 -0.646653 -0.288109 0.81912
2316 780469 -0.643624 -0.290267 0.817618
2317 780518 -0.642018 -0.290271 0.816886
2318 780566 -0.640288 -0.291124 0.816379
2319 780615 -0.647764 -0.282122 0.819539
2320 780664 -0.646177 -0.282993 0.818977
2321 780712 -0.646193 -0.281986 0.818962
2322 780761 -0.645682 -0.281847 0.818905
2323 780809 -0.645724 -0.280525 0.81909
2324 780858 -0.644831 -0.280182 0.818669
2325 780906 -0.64301 -0.281094 0.817757
2326 780954 -0.640216 -0.282707 0.816925
2327 781002 -0.639581 -0.282599 0.817033
2328 781050 -0.638978 -0.281996 0.81685
2329 781098 -0.635918 -0.284465 0.815115
2330 781146 -0.636027 -0.283166 0.815813
2331 781194 -0.635387 -0.282385 0.81567
2332 781242 -0.63414 -0.282855 0.8152
2333 781290 -0.632092 -0.283388 0.814371
2334 781337 -0.636412 -0.278147 0.816087
2335 781385 -0.632016 -0.281688 0.814574
2336 781433 -0.632203 -0.280542 0.814387
2337 781480 -0.631802 -0.280065 0.814372
2338 781527 -0.630922 -0.279328 0.814268
2339 781575 -0.629548 -0.280161 0.813428
2340 781622 -0.629868 -0.278378 0.813614
2341 781669 -0.633004 -0.274351 0.815153
2342 781716 -0.6326 -0.273545 0.815557
2343 781763 -0.632465 -0.273195 0.815269
2344 781810 -0.630077 -0.274062 0.813951
2345 781857 -0.632804 -0.270486 0.815396
2346 781904 -0.63258 -0.269383 0.815278
2347 781951 -0.630676 -0.270374 0.814287
2348 781998 -0.631817 -0.268526 0.815196
2349 782044 -0.632076 -0.266126 0.815352
2350 782091 -0.633272 -0.264545 0.815885
2351 782137 -0.631947 -0.264924 0.815506
2352 782184 -0.631563 -0.26449 0.815296
2353 782230 -0.630614 -0.263853 0.814607
2354 782276 -0.631195 -0.262555 0.815251
2355 782322 -0.630771 -0.262197 0.815228
2356 782369 -0.628954 -0.262681 0.814744
2357 782415 -0.62738 -0.263535 0.814095
2358 782461 -0.625081 -0.264739 0.812892
2359 782507 -0.62232 -0.266615 0.81219
2360 782552 -0.621838 -0.266133 0.811821
2361 782598 -0.620204 -0.266703 0.811629
2362 782644 -0.619185 -0.26634 0.811054
2363 782690 -0.618533 -0.265688 0.811098
2364 782735 -0.617745 -0.265668 0.810803
2365 782781 -0.616491 -0.265982 0.809925
2366 782826 -0.613832 -0.267715 0.809593
2367 782871 -0.612992 -0.266875 0.809243
2368 782917 -0.611216 -0.268045 0.808335
2369 782962 -0.610808 -0.267232 0.808744
2370 783007 -0.608969 -0.26833 0.807645
2371 783052 -0.608473 -0.267848 0.807544
2372 783097 -0.606933 -0.268037 0.806669
2373 783142 -0.609136 -0.265158 0.807771
2374 783187 -0.608691 -0.264713 0.807859
2375 783232 -0.608157 -0.264038 0.807855
2376 783276 -0.608823 -0.26231 0.807635
2377 783321 -0.607358 -0.262435 0.807511
2378 783366 -0.606145 -0.262627 0.807319
2379 783410 -0.603992 -0.264488 0.806486
2380 783455 -0.604007 -0.263474 0.806793
2381 783499 -0.603705 -0.261661 0.805902
2382 783543 -0.601515 -0.262326 0.805662
2383 783588 -0.601502 -0.262313 0.805675
2384 783632 -0.603107 -0.259399 0.806159
2385 783676 -0.602602 -0.25903 0.80622
2386 783720 -0.603083 -0.257762 0.806546
2387 783764 -0.60327 -0.256442 0.806694
2388 783808 -0.6019 -0.256885 0.806141
2389 783851 -0.601373 -0.256358 0.80658
2390 783895 -0.598692 -0.258142 0.804796
2391 783939 -0.598009 -0.257458 0.804754
2392 783982 -0.597681 -0.257131 0.805081
2393 784026 -0.597762 -0.257211 0.804759
2394 784069 -0.596424 -0.255874 0.804551
2395 784113 -0.596343 -0.255283 0.804633
2396 784156 -0.595429 -0.254564 0.803303
2397 784199 -0.594437 -0.255014 0.803875
2398 784242 -0.595851 -0.252299 0.804943
2399 784285 -0.594261 -0.253181 0.803953
2400 784328 -0.591958 -0.254171 0.803009
2401 784371 -0.593894 -0.250878 0.803975
2402 784414 -0.592873 -0.251343 0.80383
2403 784457 -0.589257 -0.253859 0.80204
2404 784500 -0.588778 -0.253294 0.802421
2405 784542 -0.588427 -0.252352 0.802454
2406 784585 -0.588856 -0.251247 0.802284
2407 784628 -0.587405 -0.251446 0.802084
2408 784670 -0.58757 -0.250445 0.801919
2409 784712 -0.588742 -0.248515 0.802673
2410 784755 -0.591469 -0.245013 0.803474
2411 784797 -0.587727 -0.247569 0.802402
2412 784839 -0.587667 -0.246414 0.802318
2413 784881 -0.584363 -0.248281 0.800897
2414 784923 -0.585233 -0.246908 0.801568
2415 784965 -0.583109 -0.24757 0.800517
2416 785007 -0.582159 -0.247797 0.800291
2417 785049 -0.582679 -0.245912 0.800341
2418 785090 -0.582262 -0.245572 0.800682
2419 785132 -0.58167 -0.24498 0.800765
2420 785174 -0.584776 -0.241303 0.802154
2421 785215 -0.583926 -0.240925 0.801559
2422 785257 -0.585153 -0.238386 0.802451
2423 785298 -0.58449 -0.238375 0.802136
2424 785339 -0.583827 -0.237887 0.801767
2425 785380 -0.58504 -0.236031 0.802624
2426 785422 -0.584319 -0.235311 0.80231
2427 785463 -0.581324 -0.236853 0.801305
2428 785504 -0.579665 -0.23753 0.800629
2429 785544 -0.579311 -0.237175 0.800656
2430 785585 -0.579372 -0.23603 0.800595
2431 785626 -0.583144 -0.231476 0.802463
2432 785667 -0.578902 -0.234445 0.800871
2433 785707 -0.580958 -0.231358 0.801602
2434 785748 -0.580534 -0.230933 0.80134
2435 785788 -0.578344 -0.231894 0.800711
2436 785829 -0.577621 -0.231816 0.80053
2437 785869 -0.577118 -0.231307 0.800448
2438 785909 -0.576808 -0.230998 0.80066
2439 785950 -0.57433 -0.232538 0.79912
2440 785990 -0.573863 -0.231562 0.799536
2441 786030 -0.5736 -0.23067 0.79909
2442 786070 -0.574794 -0.228443 0.799852
2443 786110 -0.576309 -0.226018 0.800951
2444 786150 -0.574672 -0.226703 0.800139
2445 786189 -0.574571 -0.22586 0.800239
2446 786229 -0.574422 -0.225096 0.799773
2447 786269 -0.572445 -0.225288 0.799581
2448 786308 -0.572329 -0.224747 0.799697
2449 786348 -0.571682 -0.22424 0.79939
2450 786387 -0.572386 -0.22277 0.799867
2451 786426 -0.57066 -0.223743 0.798895
2452 786466 -0.56976 -0.223281 0.798927
2453 786505 -0.569315 -0.222836 0.799268
2454 786544 -0.570328 -0.221228 0.799234
2455 786583 -0.573508 -0.216585 0.80123
2456 786622 -0.570829 -0.218199 0.799892
2457 786661 -0.570405 -0.217774 0.800317
2458 786699 -0.568085 -0.218414 0.798832
2459 786738 -0.568134 -0.217889 0.799357
2460 786777 -0.565695 -0.218913 0.79799
2461 786815 -0.56666 -0.217602 0.798616
2462 786854 -0.567674 -0.215248 0.798984
2463 786892 -0.56728 -0.214788 0.799257
2464 786931 -0.565647 -0.215395 0.79865
2465 786969 -0.567429 -0.212576 0.799523
2466 787007 -0.567051 -0.212158 0.799546
2467 787045 -0.566893 -0.211165 0.799704
2468 787083 -0.564339 -0.212845 0.798254
2469 787121 -0.561836 -0.21374 0.797359
2470 787159 -0.563349 -0.211337 0.798038
2471 787197 -0.563098 -0.210826 0.798289
2472 787235 -0.56268 -0.210081 0.798259
2473 787273 -0.561299 -0.211007 0.797333
2474 787310 -0.561075 -0.209906 0.797556
2475 787348 -0.560676 -0.209326 0.797956
2476 787385 -0.560148 -0.208489 0.797223
2477 787423 -0.559978 -0.207775 0.797938
2478 787460 -0.55994 -0.207268 0.798423
2479 787497 -0.548708 -0.21686 0.792927
2480 787535 -0.549235 -0.216059 0.793286
2481 787572 -0.548429 -0.215362 0.792951
2482 787609 -0.548071 -0.2147 0.792586
2483 787646 -0.547261 -0.21389 0.792807
2484 787683 -0.547707 -0.213031 0.793049
2485 787719 -0.54782 -0.210993 0.792937
2486 787756 -0.547879 -0.210725 0.793176
2487 787793 -0.545924 -0.212021 0.79188
2488 787829 -0.54464 -0.211942 0.791959
2489 787866 -0.542846 -0.212377 0.79075
2490 787902 -0.542964 -0.211781 0.791346
2491 787939 -0.543647 -0.209733 0.792365
2492 787975 -0.543459 -0.209087 0.791908
2493 788011 -0.542986 -0.208365 0.791864
2494 788047 -0.542709 -0.207979 0.79214
2495 788083 -0.542947 -0.206693 0.792123
2496 788119 -0.540734 -0.207555 0.791262
2497 788155 -0.538999 -0.208436 0.790381
2498 788191 -0.538538 -0.207794 0.790166
2499 788227 -0.537135 -0.208408 0.789781
2500 788263 -0.533752 -0.210103 0.788361
2501 788298 -0.531155 -0.211942 0.787747
2502 788334 -0.530561 -0.211349 0.787342
2503 788369 -0.530113 -0.2109 0.786876
2504 788405 -0.529752 -0.210449 0.787009
2505 788440 -0.529441 -0.210284 0.787174
2506 788475 -0.529116 -0.209291 0.786963
2507 788511 -0.526871 -0.210198 0.786056
