0 649792 0 0 0
5 649793 0.0551361 -0.0651866 0.045248
10 649796 0.0647582 -0.0939468 0.107877
15 649801 0.130141 -0.13343 0.162404
20 649808 0.184739 -0.186226 0.204221
25 649817 0.22293 -0.258555 0.261035
30 649828 0.225869 -0.308143 0.31781
35 649841 0.227663 -0.305422 0.301218
40 649856 0.240851 -0.301278 0.294566
45 649873 0.238263 -0.298698 0.300959
50 649891 0.240173 -0.296646 0.293327
55 649912 0.255258 -0.291935 0.286849
60 649934 0.251024 -0.290377 0.289656
65 649958 0.250841 -0.291038 0.286257
70 649984 0.265448 -0.286462 0.273573
75 650012 0.271506 -0.285725 0.269038
80 650042 0.271619 -0.283417 0.271205
85 650073 0.267276 -0.276845 0.273428
90 650107 0.2647 -0.274138 0.278016
95 650142 0.259539 -0.265265 0.281994
100 650178 0.259457 -0.26238 0.29047
105 650217 0.271767 -0.264867 0.274064
110 650257 0.264478 -0.26219 0.280825
115 650299 0.265989 -0.258013 0.275336
120 650342 0.260921 -0.254691 0.282475
125 650388 0.262246 -0.252192 0.285525
130 650434 0.261075 -0.242053 0.289154
135 650483 0.260647 -0.241756 0.289505
140 650533 0.275687 -0.244217 0.279536
145 650585 0.2715 -0.239628 0.275644
150 650638 0.259785 -0.226232 0.287633
155 650693 0.26218 -0.227492 0.289215
160 650749 0.253097 -0.223462 0.299361
165 650807 0.26683 -0.225654 0.288826
170 650867 0.272649 -0.220448 0.285972
175 650928 0.254727 -0.208487 0.305916
180 650990 0.236301 -0.203491 0.325034
185 651054 0.24121 -0.199528 0.316988
190 651120 0.239824 -0.201178 0.31272
195 651187 0.24502 -0.200371 0.307902
200 651255 0.246653 -0.193833 0.3119
205 651325 0.23568 -0.189014 0.320641
210 651396 0.24438 -0.185432 0.318916
215 651469 0.242209 -0.183582 0.317918
220 651543 0.229911 -0.179697 0.32869
225 651619 0.210973 -0.163069 0.346874
230 651695 0.221649 -0.165926 0.33972
235 651774 0.229348 -0.166489 0.336184
240 651853 0.230874 -0.166492 0.332139
245 651934 0.243378 -0.166872 0.316346
250 652017 0.247022 -0.165387 0.313271
255 652100 0.243471 -0.157532 0.322086
260 652185 0.232832 -0.152642 0.33411
265 652271 0.209162 -0.141628 0.353001
270 652359 0.196466 -0.13326 0.37072
275 652448 0.194826 -0.128373 0.371701
280 652538 0.178096 -0.118847 0.389569
285 652629 0.188282 -0.119548 0.382983
290 652722 0.179693 -0.114265 0.392013
295 652816 0.180107 -0.10844 0.386925
300 652911 0.178168 -0.108876 0.389205
305 653007 0.175702 -0.101533 0.397958
310 653105 0.164112 -0.0940688 0.407488
315 653204 0.151402 -0.0871943 0.417115
320 653304 0.140433 -0.0748135 0.430607
325 653405 0.139834 -0.0740937 0.434966
330 653507 0.140732 -0.074354 0.439192
335 653611 0.133499 -0.0604125 0.450418
340 653716 0.127946 -0.0614274 0.449612
345 653822 0.139346 -0.0624463 0.439464
350 653929 0.148878 -0.0601981 0.432176
355 654038 0.166001 -0.0716209 0.420204
360 654147 0.164273 -0.0723436 0.407462
365 654258 0.170572 -0.0573289 0.418808
370 654370 0.175364 -0.0640175 0.40713
375 654483 0.183502 -0.0598189 0.408446
380 654597 0.184097 -0.06501 0.398275
385 654712 0.177694 -0.0566937 0.408372
390 654829 0.180757 -0.0590296 0.405047
395 654946 0.189175 -0.0536274 0.400972
400 655065 0.19472 -0.0543213 0.397415
405 655185 0.189221 -0.0472319 0.399171
410 655306 0.184858 -0.0436886 0.407295
415 655428 0.195009 -0.0444405 0.397081
420 655551 0.189511 -0.0419437 0.409915
425 655675 0.171997 -0.0319712 0.424705
430 655801 0.178315 -0.0301838 0.415343
435 655928 0.166481 -0.0202859 0.428232
440 656055 0.166495 -0.0192891 0.429925
445 656184 0.175097 -0.0218855 0.421852
450 656314 0.171541 -0.0163823 0.427557
455 656445 0.176981 -0.014261 0.431167
460 656578 0.164584 -0.00336015 0.440962
465 656711 0.156379 -0.000602666 0.448468
470 656845 0.1583 0.00155015 0.450407
475 656981 0.153481 0.00568195 0.456901
480 657118 0.145253 0.0176343 0.462719
485 657256 0.154482 0.0116117 0.456466
490 657395 0.159973 0.0112189 0.451276
495 657535 0.156137 0.0139924 0.453615
500 657676 0.164405 0.012753 0.444759
505 657819 0.158821 0.0199173 0.4552
510 657962 0.162973 0.0231151 0.455603
515 658107 0.154978 0.0263162 0.456821
520 658253 0.144764 0.0361184 0.475713
525 658400 0.155128 0.0335054 0.467031
530 658548 0.143542 0.0435273 0.480441
535 658697 0.136987 0.0477942 0.487589
540 658848 0.149646 0.0444639 0.476673
545 659000 0.156988 0.0430072 0.468393
550 659152 0.166984 0.0398846 0.464265
555 659306 0.159165 0.0525379 0.470206
560 659462 0.146001 0.0549271 0.480918
565 659618 0.160969 0.0547416 0.470775
570 659776 0.15827 0.0550511 0.476029
575 659935 0.162105 0.0551425 0.470468
580 660095 0.155837 0.063274 0.479407
585 660256 0.155286 0.0647947 0.480042
590 660418 0.14273 0.0777662 0.4997
595 660582 0.149165 0.0769207 0.490193
600 660747 0.14733 0.0796057 0.500183
605 660913 0.13874 0.0874817 0.511019
610 661081 0.139424 0.0911626 0.509626
615 661249 0.134127 0.0973721 0.515306
620 661419 0.126281 0.105023 0.527238
625 661591 0.131866 0.102068 0.526803
630 661763 0.126328 0.109143 0.528101
635 661937 0.135305 0.10517 0.524208
640 662112 0.136774 0.105582 0.522867
645 662289 0.14873 0.102017 0.513306
650 662467 0.147091 0.10452 0.509317
655 662646 0.145722 0.107467 0.510026
660 662826 0.152437 0.113371 0.505899
665 663008 0.145055 0.117264 0.520445
670 663191 0.145821 0.117434 0.519883
675 663376 0.148022 0.118311 0.515754
680 663562 0.155668 0.115021 0.507331
685 663749 0.154277 0.121453 0.518972
690 663938 0.160926 0.119258 0.5036
695 664128 0.161484 0.121605 0.503375
700 664319 0.168731 0.120622 0.500737
705 664512 0.188763 0.11339 0.482133
710 664707 0.181585 0.119184 0.482025
715 664903 0.187417 0.118186 0.473368
720 665100 0.189029 0.121905 0.478201
725 665299 0.180762 0.127334 0.488096
730 665499 0.190998 0.124388 0.479707
735 665701 0.200963 0.122776 0.463633
740 665905 0.202584 0.122909 0.46762
745 666110 0.188851 0.136774 0.484853
750 666316 0.204002 0.127467 0.467429
755 666524 0.214875 0.125867 0.456399
760 666733 0.202089 0.135951 0.472354
765 666945 0.209448 0.134277 0.465006
770 667157 0.211915 0.132762 0.463325
775 667372 0.226108 0.131993 0.451745
780 667588 0.222355 0.134241 0.448735
785 667805 0.218058 0.139827 0.457018
790 668024 0.224733 0.137742 0.449386
795 668245 0.223776 0.145342 0.453631
800 668468 0.224417 0.140562 0.448475
805 668692 0.23623 0.141242 0.437665
810 668918 0.23949 0.142933 0.442475
815 669145 0.229268 0.148498 0.455584
820 669374 0.220074 0.153225 0.467773
825 669605 0.231705 0.156016 0.461184
830 669838 0.241663 0.155084 0.444629
835 670073 0.240091 0.157915 0.443425
840 670309 0.252373 0.148446 0.423435
845 670547 0.253433 0.160464 0.422023
850 670787 0.253389 0.159665 0.429931
855 671028 0.257515 0.154181 0.417457
860 671272 0.266602 0.155769 0.415194
865 671517 0.259851 0.163562 0.426988
870 671764 0.272308 0.160224 0.419974
875 672013 0.258165 0.168 0.432075
880 672264 0.25456 0.172662 0.440882
885 672516 0.246863 0.179923 0.454197
890 672771 0.251603 0.178324 0.446022
895 673027 0.254982 0.178749 0.431391
900 673286 0.249464 0.190784 0.454742
905 673546 0.257668 0.181111 0.440298
910 673808 0.263961 0.182363 0.431549
915 674072 0.280513 0.178431 0.412242
920 674338 0.284956 0.181335 0.413262
925 674606 0.291117 0.179124 0.410559
930 674876 0.283614 0.18131 0.400295
935 675148 0.302752 0.178854 0.390462
940 675422 0.298652 0.178271 0.395485
945 675698 0.300686 0.184031 0.390947
950 675977 0.306451 0.1876 0.39188
955 676257 0.290842 0.191472 0.399607
960 676539 0.289774 0.197674 0.414593
965 676823 0.291606 0.196094 0.418133
970 677109 0.293645 0.201291 0.412027
975 677397 0.287348 0.205969 0.419685
980 677688 0.288943 0.206518 0.419002
985 677980 0.277045 0.214858 0.437558
990 678275 0.277802 0.217666 0.434399
995 678572 0.270195 0.224247 0.457806
1000 678870 0.283828 0.220991 0.437249
1005 679171 0.28276 0.222362 0.433527
1010 679474 0.307943 0.212784 0.404536
1015 679779 0.307871 0.216065 0.396531
1020 680087 0.311439 0.218027 0.400189
1025 680396 0.299717 0.228384 0.417217
1030 680708 0.308319 0.224342 0.39932
1035 681021 0.301418 0.233384 0.419051
1040 681337 0.301311 0.23295 0.423826
1045 681655 0.309077 0.230893 0.409902
1050 681976 0.306489 0.237547 0.413856
1055 682298 0.308275 0.236399 0.411838
1060 682623 0.317575 0.236839 0.403327
1065 682949 0.315919 0.240456 0.403616
1070 683278 0.314091 0.242733 0.401948
1075 683610 0.311517 0.249225 0.420884
1080 683943 0.317316 0.251284 0.413023
1085 684278 0.311443 0.250061 0.422994
1090 684616 0.319673 0.250647 0.415212
1095 684956 0.320657 0.251908 0.408585
1100 685298 0.317132 0.257649 0.413809
1105 685642 0.320162 0.259815 0.417594
1110 685989 0.312715 0.264486 0.416806
1115 686338 0.333399 0.26097 0.398809
1120 686689 0.328706 0.263277 0.410092
1125 687042 0.319444 0.271379 0.418278
1130 687397 0.332125 0.262694 0.401957
1135 687754 0.321496 0.274865 0.410452
1140 688114 0.32036 0.275406 0.428298
1145 688476 0.333017 0.274451 0.414569
1150 688840 0.327376 0.27778 0.417587
1155 689206 0.32574 0.282423 0.420693
1160 689574 0.332022 0.283444 0.407646
1165 689945 0.334316 0.284238 0.409021
1170 690317 0.345313 0.282527 0.39533
1175 690692 0.345043 0.283598 0.395868
1180 691069 0.345902 0.286359 0.391275
1185 691448 0.351746 0.28577 0.390986
1190 691829 0.351955 0.287854 0.383017
1195 692212 0.355405 0.290225 0.384122
1200 692597 0.351934 0.296349 0.389504
1205 692985 0.351466 0.295649 0.388918
1210 693374 0.355941 0.301023 0.386301
1215 693766 0.356644 0.299533 0.387195
1220 694159 0.36704 0.296104 0.384469
1225 694555 0.371506 0.30095 0.375946
1230 694952 0.365008 0.30437 0.380574
1235 695352 0.364952 0.306926 0.384475
1240 695754 0.363118 0.310899 0.386759
1245 696157 0.3553 0.316056 0.386867
1250 696563 0.352831 0.322025 0.405095
1255 696970 0.359744 0.320054 0.395879
1260 697379 0.361546 0.322816 0.40091
1265 697791 0.351299 0.329444 0.407366
1270 698204 0.357604 0.327748 0.401595
1275 698619 0.359554 0.331409 0.415929
1280 699036 0.353621 0.335441 0.412737
1285 699454 0.360622 0.336912 0.412373
1290 699875 0.355115 0.340256 0.419887
1295 700297 0.355317 0.340649 0.418333
1300 700721 0.358922 0.344385 0.428612
1305 701147 0.357809 0.34582 0.420751
1310 701574 0.36018 0.349711 0.412836
1315 702003 0.366202 0.348815 0.417028
1320 702434 0.365584 0.351279 0.396649
1325 702867 0.371056 0.352076 0.401255
1330 703301 0.37378 0.352484 0.403486
1335 703736 0.364893 0.358363 0.412394
1340 704173 0.366459 0.359003 0.417344
1345 704612 0.363842 0.364337 0.419754
1350 705052 0.367132 0.364813 0.421096
1355 705494 0.377449 0.364027 0.403944
1360 705937 0.389071 0.361219 0.38119
1365 706381 0.386378 0.365107 0.37642
1370 706827 0.383349 0.367212 0.382042
1375 707274 0.380379 0.371825 0.399968
1380 707723 0.380305 0.375886 0.403564
1385 708173 0.385951 0.37525 0.404463
1390 708624 0.379306 0.379718 0.409339
1395 709076 0.380214 0.3819 0.414833
1400 709529 0.37723 0.388938 0.420657
1405 709984 0.378935 0.387327 0.397962
1410 710439 0.376927 0.390578 0.409788
1415 710896 0.383748 0.39266 0.426512
1420 711354 0.383826 0.392173 0.405932
1425 711813 0.385114 0.395131 0.419269
1430 712272 0.394234 0.395255 0.396763
1435 712733 0.394027 0.396237 0.384114
1440 713194 0.398271 0.394617 0.373509
1445 713657 0.400148 0.397971 0.369138
1450 714120 0.404684 0.398533 0.372189
1455 714584 0.405352 0.398573 0.370412
1460 715049 0.406783 0.400556 0.368172
1465 715514 0.413708 0.40281 0.351878
1470 715980 0.40878 0.404593 0.361957
1475 716447 0.410145 0.406437 0.366806
1480 716914 0.411541 0.408901 0.357371
1485 717382 0.406781 0.412643 0.375491
1490 717850 0.396584 0.418125 0.380377
1495 718319 0.399695 0.42133 0.404452
1500 718788 0.406109 0.421653 0.384416
1505 719258 0.403706 0.424752 0.383943
1510 719728 0.400344 0.427982 0.393028
1515 720198 0.397967 0.431845 0.394746
1520 720668 0.405777 0.430274 0.378013
1525 721139 0.404127 0.432096 0.384782
1530 721610 0.41389 0.430486 0.37549
1535 722081 0.414792 0.432578 0.374781
1540 722552 0.406738 0.437488 0.365586
1545 723023 0.405513 0.44139 0.383035
1550 723494 0.411288 0.440628 0.377908
1555 723965 0.41125 0.442322 0.384649
1560 724436 0.411048 0.445719 0.382634
1565 724907 0.410854 0.4441 0.382132
1570 725378 0.41025 0.448884 0.37292
1575 725849 0.417114 0.448314 0.374681
1580 726319 0.415199 0.452414 0.358581
1585 726789 0.412513 0.454224 0.365023
1590 727259 0.410273 0.457509 0.358493
1595 727728 0.409033 0.458959 0.380687
1600 728197 0.404764 0.46359 0.397162
1605 728665 0.401337 0.471121 0.407708
1610 729133 0.390216 0.475507 0.421172
1615 729601 0.390347 0.478144 0.445456
1620 730068 0.391401 0.479807 0.439761
1625 730534 0.392576 0.480051 0.424842
1630 731000 0.387453 0.485349 0.431474
1635 731465 0.393928 0.482687 0.421955
1640 731929 0.391865 0.486677 0.427591
1645 732392 0.391795 0.48831 0.416242
1650 732855 0.389717 0.490867 0.421141
1655 733317 0.397294 0.489286 0.408555
1660 733778 0.395956 0.491983 0.388582
1665 734238 0.397146 0.491727 0.383744
1670 734697 0.399349 0.491428 0.374538
1675 735155 0.4063 0.489732 0.361472
1680 735612 0.40111 0.4956 0.366514
1685 736068 0.396703 0.497376 0.362187
1690 736523 0.394732 0.498914 0.352431
1695 736977 0.390262 0.502302 0.354845
1700 737429 0.386183 0.506648 0.363111
1705 737881 0.384433 0.506518 0.342552
1710 738331 0.38685 0.510475 0.350046
1715 738780 0.374249 0.512396 0.332087
1720 739227 0.383383 0.513395 0.328865
1725 739674 0.379785 0.515679 0.328249
1730 740119 0.352175 0.527184 0.345209
1735 740562 0.36664 0.523241 0.349064
1740 741004 0.347317 0.528945 0.34812
1745 741445 0.350115 0.532619 0.364059
1750 741884 0.33894 0.539045 0.354786
1755 742322 0.322401 0.54724 0.35174
1760 742758 0.315371 0.549308 0.352626
1765 743192 0.303573 0.55393 0.340829
1770 743625 0.272005 0.568549 0.344336
1775 744057 0.260562 0.575148 0.343165
1780 744486 0.231344 0.586033 0.333027
1785 744914 0.186519 0.603213 0.319595
1790 745340 0.138697 0.625854 0.314995
1795 745765 0.0672787 0.663776 0.309968
1800 746188 -0.0118986 0.695844 0.286652
1805 746609 -0.0623644 0.721231 0.281299
1810 747028 -0.108092 0.730982 0.253759
1815 747446 -0.166716 0.756724 0.233365
1820 747861 -0.240665 0.759552 0.188279
1825 748275 -0.320046 0.772497 0.146338
1830 748687 -0.374019 0.811565 0.120392
1835 749097 -0.440291 0.757913 0.0768132
1840 749505 -0.477625 0.687687 0.114684
1845 749911 -0.533808 0.622388 0.165738
1850 750316 -0.562134 0.578315 0.199804
1855 750719 -0.61115 0.527508 0.244338
1860 751120 -0.671204 0.478978 0.274196
1865 751519 -0.705002 0.451167 0.308526
1870 751918 -0.766415 0.378844 0.368133
1875 752315 -0.830631 0.326473 0.397105
1880 752711 -0.87475 0.287112 0.453387
1885 753107 -0.920547 0.261347 0.490974
1890 753501 -0.949813 0.203978 0.541602
1895 753894 -0.992434 0.155145 0.58527
1900 754286 -1.03034 0.102432 0.60014
1905 754677 -1.08965 0.0459883 0.640951
1910 755067 -1.1304 0.0151382 0.685199
1915 755455 -1.17067 -0.014379 0.726581
1920 755842 -1.24303 -0.0756438 0.79235
1925 756226 -1.2763 -0.0513115 0.853634
1930 756609 -1.29997 -0.047148 0.863016
1935 756989 -1.28486 -0.0446107 0.864989
1940 757367 -1.28557 -0.0420081 0.863848
1945 757743 -1.28156 -0.0386041 0.868414
1950 758116 -1.28926 -0.0266659 0.862344
1955 758487 -1.27127 -0.040077 0.869399
1960 758856 -1.26963 -0.0394795 0.865898
1965 759222 -1.26032 -0.0405921 0.87351
1970 759586 -1.24923 -0.0467153 0.869784
1975 759948 -1.23783 -0.0569216 0.875732
1980 760307 -1.23697 -0.0502023 0.874001
1985 760664 -1.22971 -0.0549978 0.874858
1990 761018 -1.22601 -0.0508042 0.872814
1995 761370 -1.23277 -0.0346921 0.872694
2000 761720 -1.23094 -0.0322812 0.87057
2005 762068 -1.22501 -0.0359301 0.872177
2010 762413 -1.2266 -0.02888 0.870343
2015 762755 -1.22569 -0.0199768 0.869445
2020 763096 -1.22926 -0.0103353 0.866884
2025 763434 -1.22475 -0.0136441 0.864232
2030 763769 -1.22123 -0.00731487 0.866882
2035 764102 -1.20959 -0.0149571 0.871051
2040 764433 -1.20363 -0.0152595 0.868246
2045 764761 -1.20135 -0.0131905 0.863191
2050 765087 -1.18497 -0.020475 0.865267
2055 765411 -1.18845 -0.0213401 0.869239
2060 765732 -1.19277 -0.00620715 0.869331
2065 766051 -1.18642 -0.012771 0.871685
2070 766368 -1.18644 -0.0102946 0.869353
2075 766682 -1.17117 -0.0170862 0.873278
2080 766994 -1.19217 0.0127254 0.867114
2085 767303 -1.18456 0.00981091 0.869409
2090 767610 -1.184 0.0203866 0.871347
2095 767915 -1.175 0.00652443 0.869559
2100 768218 -1.16719 0.00824971 0.86983
2105 768518 -1.15947 0.00103204 0.869943
2110 768816 -1.16117 0.0111942 0.871779
2115 769111 -1.16593 0.0259381 0.866942
2120 769404 -1.17379 0.0384944 0.866486
2125 769695 -1.17603 0.0436039 0.865837
2130 769984 -1.16365 0.037361 0.873453
2135 770270 -1.15539 0.0370334 0.868452
2140 770554 -1.16176 0.0502139 0.867215
2145 770836 -1.15866 0.0544482 0.87113
2150 771115 -1.15454 0.0470257 0.86569
2155 771392 -1.13818 0.0343616 0.870854
2160 771667 -1.13694 0.0367854 0.86895
2165 771940 -1.1425 0.0458538 0.870487
2170 772210 -1.14677 0.0575125 0.869039
2175 772479 -1.14935 0.0680994 0.871925
2180 772745 -1.15944 0.0821438 0.867112
2185 773008 -1.15796 0.0967746 0.866089
2190 773270 -1.16658 0.104963 0.8643
2195 773530 -1.16387 0.103702 0.864146
2200 773787 -1.15975 0.108693 0.863286
2205 774042 -1.16499 0.116965 0.864305
2210 774295 -1.15921 0.117566 0.8638
2215 774546 -1.15854 0.119538 0.862788
2220 774795 -1.15453 0.125409 0.858888
2225 775041 -1.1348 0.105951 0.869695
2230 775286 -1.12565 0.101305 0.864353
2235 775528 -1.11501 0.0973665 0.868354
2240 775768 -1.09042 0.0735964 0.87149
2245 776006 -1.08204 0.065838 0.87406
2250 776243 -1.0838 0.0798589 0.871599
2255 776477 -1.07675 0.0706153 0.875894
2260 776709 -1.08497 0.0749663 0.87414
2265 776939 -1.07828 0.0809088 0.878158
2270 777167 -1.07188 0.0791032 0.87616
2275 777393 -1.07898 0.0914655 0.874418
2280 777617 -1.06374 0.07173 0.881991
2285 777839 -1.07428 0.098067 0.874041
2290 778059 -1.0594 0.0784068 0.871911
2295 778277 -1.05515 0.0855557 0.88016
2300 778493 -1.05588 0.0898186 0.876169
2305 778707 -1.04924 0.0857499 0.877678
2310 778920 -1.04444 0.0866372 0.874539
2315 779130 -1.04157 0.0858516 0.881148
2320 779339 -1.0306 0.0824404 0.87917
2325 779545 -1.01729 0.0720048 0.880574
2330 779750 -1.02326 0.0762102 0.87988
2335 779953 -1.0128 0.0729917 0.882515
2340 780154 -1.00835 0.0764662 0.875739
2345 780353 -1.00151 0.0678205 0.878669
2350 780550 -1.00693 0.0814778 0.879656
2355 780746 -1.00731 0.0906891 0.884035
2360 780939 -0.997807 0.0817201 0.87958
2365 781131 -0.996633 0.0856719 0.88257
2370 781321 -1.00285 0.0990927 0.881459
2375 781510 -1.01174 0.11397 0.88227
2380 781696 -1.01703 0.126844 0.880421
2385 781881 -1.01991 0.141799 0.881559
2390 782064 -1.0157 0.13609 0.878941
2395 782245 -1.01124 0.1324 0.878332
2400 782425 -1.01335 0.137105 0.881956
2405 782603 -1.01884 0.14772 0.886181
2410 782779 -1.02448 0.160487 0.886313
2415 782953 -1.03391 0.176308 0.87924
2420 783126 -1.04136 0.188153 0.88308
2425 783297 -1.02335 0.174341 0.885496
2430 783467 -1.02484 0.184954 0.887237
2435 783634 -1.01922 0.18255 0.885578
2440 783800 -1.01956 0.188262 0.880461
2445 783965 -1.01836 0.192938 0.882612
2450 784128 -1.01023 0.18473 0.885842
2455 784289 -1.00845 0.195055 0.8872
2460 784449 -1.0056 0.195885 0.887943
2465 784607 -1.00183 0.195543 0.887775
2470 784763 -1.00217 0.195752 0.888529
2475 784918 -0.994052 0.190022 0.888096
2480 785071 -0.997984 0.196213 0.881427
2485 785223 -1.01569 0.219627 0.884267
2490 785373 -1.01388 0.23026 0.887866
2495 785522 -1.01228 0.23921 0.889864
2500 785669 -1.01068 0.234679 0.89192
2505 785814 -1.0346 0.24824 0.887095
2510 785958 -0.999826 0.236625 0.89107
2515 786100 -1.00601 0.250951 0.892973
2520 786241 -1.01885 0.265555 0.892082
2525 786381 -1.0258 0.278753 0.892353
2530 786519 -1.02156 0.275867 0.892198
2535 786655 -1.01006 0.269933 0.893031
2540 786790 -0.999403 0.263941 0.892043
2545 786923 -0.994183 0.263597 0.895782
2550 787055 -0.993018 0.269636 0.897273
2555 787185 -0.992524 0.265473 0.895457
2560 787314 -0.98798 0.268906 0.902518
2565 787442 -0.987554 0.27265 0.898782
2570 787568 -0.993193 0.277063 0.898025
2575 787692 -0.987982 0.281808 0.895793
2580 787815 -0.985197 0.279601 0.897987
2585 787937 -0.981008 0.280707 0.901435
2590 788057 -0.966456 0.269446 0.898436
2595 788176 -0.962109 0.266189 0.900546
2600 788293 -0.952293 0.265719 0.90024
2605 788409 -0.953405 0.267411 0.903566
2610 788523 -0.948891 0.26759 0.900359
2615 788636 -0.949567 0.273965 0.905219
2620 788748 -0.945356 0.27009 0.905796
2625 788858 -0.941056 0.2728 0.904591
2630 788966 -0.928452 0.265544 0.909414
2635 789074 -0.929892 0.268142 0.901021
2640 789179 -0.914856 0.259711 0.907173
2645 789284 -0.905579 0.25068 0.906253
2650 789387 -0.90714 0.256094 0.907043
2655 789488 -0.913921 0.265791 0.909305
2660 789588 -0.901303 0.261899 0.911094
2665 789687 -0.903813 0.267895 0.906248
2670 789784 -0.905965 0.277895 0.911921
2675 789880 -0.907543 0.282495 0.913978
2680 789974 -0.917947 0.298447 0.908963
2685 790067 -0.905345 0.296976 0.915972
2690 790158 -0.926802 0.319425 0.914191
2695 790248 -0.923362 0.322109 0.917193
2700 790337 -0.918472 0.32006 0.921118
2705 790424 -0.917814 0.322595 0.919871
2710 790510 -0.914745 0.328008 0.920164
2715 790594 -0.923635 0.339136 0.917968
2720 790677 -0.908559 0.33091 0.925321
2725 790758 -0.898046 0.320718 0.918417
2730 790838 -0.895257 0.316777 0.923746
2735 790917 -0.889381 0.318107 0.919394
2740 790994 -0.887247 0.31868 0.918506
2745 791069 -0.872727 0.309571 0.921903
2750 791143 -0.871821 0.315121 0.922467
2755 791216 -0.880575 0.323957 0.921952
2760 791287 -0.884283 0.332895 0.933421
2765 791357 -0.889823 0.346663 0.928627
2770 791425 -0.883485 0.346148 0.931758
2775 791492 -0.87866 0.345722 0.931314
2780 791557 -0.878687 0.346216 0.93
2785 791621 -0.87722 0.35549 0.931156
2790 791683 -0.870748 0.348316 0.934124
2795 791743 -0.864287 0.344229 0.928936
2800 791803 -0.85488 0.347881 0.935821
2805 791860 -0.866311 0.360078 0.933144
2810 791916 -0.874368 0.378772 0.939357
2815 791971 -0.876948 0.383977 0.940809
2820 792024 -0.868928 0.385665 0.940674
2825 792075 -0.872614 0.391171 0.943208
2830 792125 -0.859217 0.377171 0.943032
2835 792173 -0.867535 0.386895 0.942118
2840 792220 -0.869516 0.408754 0.946693
2845 792265 -0.867385 0.399916 0.948778
2850 792309 -0.862088 0.40286 0.947868
2855 792351 -0.854414 0.399623 0.947421
2860 792391 -0.844079 0.391962 0.949534
2865 792430 -0.838462 0.393479 0.948986
2870 792467 -0.836149 0.392899 0.952207
2875 792502 -0.827685 0.387619 0.952559
2880 792536 -0.807898 0.37083 0.946036
2885 792568 -0.799142 0.372501 0.948351
2890 792598 -0.805053 0.377965 0.951245
2895 792627 -0.794745 0.370225 0.951975
2900 792654 -0.794813 0.375874 0.948769
2905 792679 -0.788378 0.371013 0.949537
2910 792703 -0.781428 0.360364 0.946993
2915 792725 -0.776198 0.363667 0.950064
2920 792745 -0.781597 0.376839 0.956641
2925 792763 -0.77584 0.380983 0.955152
2930 792780 -0.76988 0.369672 0.954178
2935 792795 -0.768817 0.375716 0.954106
2940 792808 -0.778415 0.396401 0.955209
2945 792819 -0.780508 0.403812 0.963726
2950 792829 -0.77023 0.397757 0.963639
2955 792836 -0.772855 0.403737 0.963192
2960 792842 -0.77268 0.407389 0.964812
2965 792846 -0.769006 0.407076 0.968674
2970 792848 -0.754506 0.410327 0.965472
2975 792849 -0.755485 0.416322 0.973095
2980 792847 -0.762201 0.424042 0.972546
2985 792843 -0.762108 0.418799 0.971441
2990 792838 -0.754845 0.418678 0.978031
2995 792831 -0.755232 0.419806 0.973705
3000 792821 -0.752994 0.435005 0.974163
3005 792810 -0.757171 0.446281 0.983688
3010 792797 -0.747439 0.430435 0.980528
3015 792782 -0.740285 0.431559 0.975522
3020 792765 -0.753668 0.455135 0.987872
3025 792746 -0.755862 0.460247 0.988949
3030 792724 -0.741658 0.455055 0.990713
3035 792701 -0.741386 0.458816 0.991453
3040 792676 -0.745265 0.463958 0.992018
3045 792649 -0.739059 0.464535 0.994858
3050 792620 -0.731291 0.466881 0.993598
3055 792588 -0.725315 0.461331 0.994899
3060 792555 -0.72007 0.458494 0.997291
3065 792519 -0.710371 0.457662 0.998262
3070 792481 -0.721906 0.472035 1.00193
3075 792442 -0.711699 0.46648 1.00091
3080 792400 -0.719992 0.477395 1.00544
3085 792356 -0.711375 0.478889 1.00597
3090 792309 -0.71015 0.484487 1.01015
3095 792261 -0.705453 0.480079 1.00952
3100 792210 -0.708568 0.487011 1.01346
3105 792157 -0.703289 0.496898 1.01671
3110 792102 -0.717632 0.513179 1.02005
3115 792045 -0.712316 0.516174 1.02242
3120 791986 -0.697943 0.507159 1.026
3125 791924 -0.690694 0.502574 1.02431
3130 791860 -0.678801 0.497995 1.02147
3135 791794 -0.673084 0.483193 1.01939
3140 791725 -0.661173 0.473911 1.01476
3145 791654 -0.655846 0.47454 1.01882
3150 791581 -0.639635 0.465132 1.01741
3155 791505 -0.647438 0.478849 1.02128
3160 791428 -0.638946 0.47038 1.01611
3165 791347 -0.646744 0.491267 1.02414
3170 791265 -0.639046 0.485866 1.02087
3175 791180 -0.639974 0.496936 1.02877
3180 791093 -0.641248 0.501202 1.03675
3185 791003 -0.648364 0.521725 1.04394
3190 790911 -0.640648 0.510662 1.03834
3195 790817 -0.629243 0.508979 1.04129
3200 790720 -0.635227 0.518463 1.04231
3205 790621 -0.637088 0.524968 1.04273
3210 790519 -0.628704 0.52124 1.04401
3215 790415 -0.622058 0.516727 1.04436
3220 790309 -0.625869 0.532192 1.05258
3225 790200 -0.618383 0.530928 1.05641
3230 790088 -0.621257 0.535854 1.05598
3235 789974 -0.614521 0.536946 1.05975
3240 789858 -0.607443 0.525246 1.05124
3245 789739 -0.60122 0.531314 1.06064
3250 789618 -0.599088 0.538148 1.05794
3255 789494 -0.596279 0.536238 1.06082
3260 789368 -0.579499 0.518421 1.05766
3265 789239 -0.579637 0.531471 1.06232
3270 789108 -0.581811 0.539816 1.06495
3275 788974 -0.568855 0.522455 1.05905
3280 788838 -0.565531 0.52784 1.06202
3285 788699 -0.566845 0.53564 1.06881
3290 788558 -0.573613 0.546965 1.07153
3295 788414 -0.565413 0.544365 1.07358
3300 788268 -0.561981 0.552731 1.08147
3305 788119 -0.561186 0.548951 1.07599
3310 787968 -0.552789 0.5455 1.07232
3315 787814 -0.54461 0.547614 1.07863
3320 787658 -0.534744 0.540428 1.07609
3325 787499 -0.5314 0.544999 1.08123
3330 787338 -0.518159 0.532607 1.07754
3335 787174 -0.526751 0.546021 1.08434
3340 787008 -0.519234 0.540323 1.07822
3345 786839 -0.516331 0.54585 1.08704
3350 786668 -0.520021 0.560167 1.09775
3355 786494 -0.520831 0.564096 1.1039
3360 786317 -0.519462 0.568485 1.10356
3365 786139 -0.527046 0.586344 1.11502
3370 785957 -0.514733 0.580253 1.10845
3375 785774 -0.516248 0.590448 1.11578
3380 785587 -0.515415 0.603292 1.13064
3385 785399 -0.519552 0.610448 1.12911
3390 785208 -0.511646 0.603851 1.13404
3395 785014 -0.507047 0.601102 1.12877
3400 784818 -0.503699 0.607017 1.13703
3405 784619 -0.503244 0.620375 1.1452
3410 784419 -0.503437 0.625234 1.15573
3415 784215 -0.502205 0.631252 1.15352
3420 784010 -0.493471 0.62238 1.15222
3425 783801 -0.496725 0.636492 1.1627
3430 783591 -0.501277 0.645738 1.16413
3435 783378 -0.491276 0.646921 1.17029
3440 783163 -0.48276 0.635247 1.16475
3445 782945 -0.476048 0.634516 1.1641
3450 782726 -0.470371 0.630389 1.16101
3455 782503 -0.467176 0.637231 1.16692
3460 782279 -0.466222 0.639311 1.17402
3465 782052 -0.463744 0.644371 1.17617
3470 781823 -0.460603 0.645644 1.17901
3475 781592 -0.451917 0.641823 1.17915
3480 781358 -0.446141 0.642682 1.18125
3485 781123 -0.45116 0.65583 1.18934
3490 780885 -0.441929 0.647334 1.18692
3495 780645 -0.43607 0.637085 1.17871
3500 780402 -0.429742 0.645494 1.18756
3505 780158 -0.420094 0.631292 1.17642
3510 779911 -0.415686 0.639128 1.18662
3515 779662 -0.415203 0.647541 1.19244
3520 779412 -0.420615 0.659219 1.20537
3525 779159 -0.416355 0.657272 1.20085
3530 778904 -0.407903 0.649363 1.19846
3535 778647 -0.403046 0.654276 1.20369
3540 778388 -0.406703 0.660477 1.21573
3545 778127 -0.395005 0.646562 1.2018
3550 777864 -0.385923 0.645171 1.20123
3555 777600 -0.381947 0.649007 1.20563
3560 777333 -0.37241 0.637878 1.20087
3565 777064 -0.362564 0.626567 1.18952
3570 776794 -0.349345 0.61281 1.17956
3575 776522 -0.349247 0.616032 1.17499
3580 776247 -0.326267 0.582115 1.1523
3585 775972 -0.324041 0.583547 1.14884
3590 775694 -0.3119 0.571 1.14593
3595 775414 -0.307811 0.572025 1.14758
3600 775133 -0.30518 0.574205 1.13889
3605 774851 -0.301108 0.573364 1.14872
3610 774566 -0.290517 0.562315 1.13752
3615 774280 -0.2906 0.565812 1.14002
3620 773992 -0.284401 0.567256 1.1411
3625 773703 -0.28492 0.572369 1.14429
3630 773412 -0.281051 0.577769 1.15076
3635 773120 -0.285784 0.59088 1.1652
3640 772826 -0.285675 0.601753 1.18258
3645 772531 -0.286659 0.614112 1.19079
3650 772234 -0.277555 0.605826 1.18382
3655 771936 -0.277088 0.608629 1.1884
3660 771637 -0.267509 0.596358 1.17402
3665 771336 -0.259907 0.596286 1.18043
3670 771034 -0.264772 0.600287 1.18041
3675 770730 -0.253465 0.593175 1.17296
3680 770426 -0.254446 0.610353 1.19265
3685 770120 -0.258029 0.614911 1.19566
3690 769813 -0.250875 0.61625 1.2043
3695 769505 -0.238286 0.606287 1.19716
3700 769195 -0.241166 0.609779 1.19025
3705 768885 -0.242363 0.614118 1.19855
3710 768573 -0.233907 0.611423 1.20612
3715 768261 -0.231776 0.604436 1.18926
3720 767947 -0.217283 0.592586 1.17825
3725 767632 -0.213101 0.593064 1.17346
3730 767317 -0.213694 0.596168 1.18223
3735 767000 -0.216007 0.607521 1.20285
3740 766683 -0.207357 0.603481 1.1964
3745 766365 -0.206484 0.606328 1.2028
3750 766046 -0.205946 0.61792 1.21117
3755 765726 -0.199574 0.612326 1.21004
3760 765405 -0.199204 0.616826 1.21691
3765 765084 -0.196527 0.617207 1.21647
3770 764762 -0.202526 0.638685 1.24047
3775 764439 -0.200788 0.641887 1.24473
3780 764116 -0.194333 0.64066 1.24618
3785 763792 -0.200921 0.659193 1.2685
3790 763467 -0.194525 0.652389 1.25828
3795 763142 -0.186344 0.642211 1.25043
3800 762816 -0.179957 0.645192 1.25162
3805 762490 -0.178274 0.638357 1.25027
3810 762163 -0.175631 0.640307 1.25207
3815 761836 -0.168234 0.637487 1.24786
3820 761508 -0.160689 0.631506 1.24265
3825 761180 -0.161033 0.640328 1.26046
3830 760852 -0.16263 0.64561 1.26168
3835 760524 -0.160726 0.653767 1.27305
3840 760195 -0.161084 0.662736 1.28907
3845 759865 -0.15469 0.659483 1.28462
3850 759536 -0.150418 0.65064 1.27023
3855 759206 -0.145979 0.646089 1.26263
3860 758876 -0.139409 0.64203 1.25647
3865 758546 -0.138646 0.645827 1.26335
3870 758216 -0.133405 0.636471 1.25679
3875 757886 -0.123028 0.629936 1.25195
3880 757555 -0.124251 0.63569 1.2583
3885 757225 -0.117023 0.636049 1.26966
3890 756894 -0.117927 0.643551 1.27793
3895 756564 -0.113129 0.644216 1.26964
3900 756233 -0.11701 0.653474 1.28743
3905 755902 -0.11562 0.655702 1.28597
3910 755572 -0.11263 0.668073 1.31148
3915 755241 -0.111798 0.669419 1.31514
3920 754911 -0.11142 0.677871 1.32416
3925 754581 -0.108886 0.677643 1.32802
3930 754251 -0.102829 0.673307 1.319
3935 753921 -0.103827 0.676192 1.32666
3940 753591 -0.09848 0.67899 1.3316
3945 753262 -0.0922319 0.671903 1.32636
3950 752932 -0.0871754 0.666085 1.31756
3955 752603 -0.0878514 0.665905 1.3108
3960 752274 -0.0827761 0.663436 1.31362
3965 751946 -0.0768873 0.656132 1.29997
3970 751618 -0.0722224 0.664467 1.30266
3975 751290 -0.0667878 0.65081 1.3001
3980 750962 -0.0727767 0.670511 1.32415
3985 750635 -0.0705963 0.671635 1.33079
3990 750308 -0.0644866 0.667856 1.33065
3995 749982 -0.0637197 0.670077 1.32304
4000 749656 -0.0640137 0.676464 1.34273
4005 749330 -0.0609753 0.673961 1.33466
4010 749005 -0.0511709 0.659826 1.31719
4015 748680 -0.0482297 0.656146 1.30685
4020 748356 -0.0457151 0.658189 1.31316
4025 748032 -0.0429377 0.662769 1.32346
4030 747709 -0.0426331 0.668531 1.32948
4035 747386 -0.0397544 0.667194 1.3348
4040 747064 -0.0395834 0.671137 1.33902
4045 746742 -0.030312 0.663147 1.323
4050 746421 -0.0317423 0.659062 1.31223
4055 746101 -0.0203515 0.6519 1.30931
4060 745781 -0.0259492 0.664844 1.32696
4065 745461 -0.0152321 0.651295 1.31303
4070 745143 -0.0191377 0.655706 1.31157
4075 744824 -0.0206688 0.673481 1.35472
4080 744507 -0.0194606 0.681891 1.36596
4085 744190 -0.0176783 0.684783 1.375
4090 743873 -0.0154839 0.677456 1.35799
4095 743558 -0.0133558 0.685794 1.37586
4100 743243 -0.0112775 0.694612 1.40075
4105 742928 -0.0103732 0.694276 1.38403
4110 742615 -0.00531197 0.686403 1.38185
4115 742302 -0.00253626 0.687745 1.3823
4120 741989 0.000798149 0.682664 1.37596
4125 741678 0.00485514 0.689971 1.37792
4130 741367 0.00722427 0.69316 1.38462
4135 741057 0.00695514 0.693163 1.3997
4140 740747 0.00600512 0.700189 1.41912
4145 740438 0.00684293 0.713768 1.44686
4150 740130 0.00890308 0.713933 1.44172
4155 739823 0.0119709 0.709422 1.44217
4160 739516 0.013432 0.711016 1.44865
4165 739210 0.0149432 0.70855 1.44529
4170 738905 0.0152363 0.710659 1.44738
4175 738601 0.0222711 0.710411 1.44102
4180 738297 0.0245385 0.708547 1.43406
4185 737994 0.0267036 0.718458 1.4445
4190 737692 0.0316082 0.705178 1.43613
4195 737391 0.0322255 0.69631 1.4259
4200 737090 0.0366418 0.69586 1.4137
4205 736790 0.0370198 0.695998 1.42128
4210 736491 0.0391229 0.699872 1.42832
4215 736193 0.0422963 0.700397 1.42018
4220 735895 0.0489944 0.691973 1.43385
4225 735598 0.048932 0.70235 1.42902
4230 735302 0.0519966 0.702251 1.43606
4235 735006 0.0507268 0.710232 1.45725
4240 734712 0.0494332 0.715065 1.46252
4245 734418 0.0564766 0.711471 1.47059
4250 734125 0.0512706 0.728296 1.4917
4255 733832 0.0621495 0.718122 1.48486
4260 733541 0.0610627 0.715757 1.48502
4265 733250 0.0588043 0.724717 1.493
4270 732959 0.0615059 0.711402 1.46981
4275 732670 0.0665626 0.713486 1.4754
4280 732381 0.0693801 0.715806 1.47348
4285 732093 0.0734404 0.710141 1.46974
4290 731806 0.0747459 0.714652 1.48257
4295 731520 0.0739063 0.718541 1.48906
4300 731234 0.076097 0.725781 1.49764
4305 730949 0.0803419 0.712378 1.49392
4310 730664 0.0785532 0.720007 1.48939
4315 730381 0.084122 0.718079 1.49447
4320 730098 0.0856021 0.720373 1.49966
4325 729815 0.0871279 0.726953 1.52489
4330 729534 0.0875394 0.731003 1.53809
4335 729253 0.0929381 0.723525 1.52124
4340 728973 0.0918849 0.727515 1.52544
4345 728693 0.0950075 0.723933 1.51908
4350 728414 0.0976466 0.721132 1.5191
4355 728136 0.0982881 0.722227 1.52151
4360 727858 0.101585 0.715804 1.50907
4365 727581 0.103113 0.711316 1.50555
4370 727305 0.103542 0.719788 1.51529
4375 727029 0.107125 0.723501 1.52464
4380 726754 0.109037 0.719734 1.52997
4385 726480 0.112896 0.710328 1.50022
4390 726206 0.115928 0.705749 1.4807
4395 725933 0.115982 0.706931 1.46285
4400 725661 0.117296 0.700032 1.4734
4405 725389 0.123453 0.692707 1.47336
4410 725117 0.121935 0.706657 1.4825
4415 724846 0.124925 0.697451 1.48497
4420 724576 0.128037 0.701861 1.48799
4425 724306 0.128023 0.713502 1.51442
4430 724037 0.127375 0.70976 1.52852
4435 723769 0.13136 0.717631 1.54661
4440 723500 0.130902 0.719721 1.53958
4445 723233 0.133644 0.7182 1.54889
4450 722966 0.134436 0.717399 1.53827
4455 722699 0.135254 0.717265 1.53509
4460 722433 0.134659 0.724768 1.54849
4465 722168 0.142454 0.722734 1.53974
4470 721903 0.142714 0.717826 1.54385
4475 721638 0.143509 0.72024 1.5478
4480 721374 0.144832 0.716768 1.56027
4485 721110 0.147281 0.723209 1.5593
4490 720847 0.148807 0.715763 1.55096
4495 720584 0.150818 0.719377 1.55614
4500 720321 0.149737 0.724598 1.56795
4505 720059 0.153453 0.720037 1.56578
4510 719798 0.155636 0.725506 1.57696
4515 719537 0.155598 0.732952 1.59742
4520 719276 0.160228 0.724713 1.59757
4525 719015 0.161894 0.721492 1.58383
4530 718755 0.15924 0.727344 1.58986
4535 718495 0.166221 0.725052 1.58786
4540 718236 0.166409 0.729337 1.59389
4545 717977 0.165318 0.722242 1.58679
4550 717718 0.168545 0.727383 1.60061
4555 717460 0.168765 0.717288 1.58515
4560 717202 0.174037 0.716498 1.5859
4565 716944 0.174315 0.714254 1.57862
4570 716686 0.179596 0.721573 1.58699
4575 716429 0.175644 0.720968 1.58064
4580 716172 0.178865 0.713723 1.57579
4585 715915 0.182752 0.720173 1.57074
4590 715659 0.181972 0.717924 1.58221
4595 715402 0.183396 0.718528 1.58614
4600 715146 0.184514 0.720848 1.59629
4605 714890 0.187888 0.720637 1.61151
4610 714635 0.188438 0.723408 1.6082
4615 714379 0.193742 0.717189 1.60087
4620 714124 0.192804 0.717133 1.59914
4625 713869 0.1931 0.717235 1.6076
4630 713614 0.195571 0.725014 1.6309
4635 713359 0.19584 0.722478 1.63579
4640 713105 0.197966 0.727931 1.64096
4645 712850 0.198928 0.726426 1.63509
4650 712596 0.20038 0.728667 1.64867
4655 712342 0.202592 0.731108 1.65884
4660 712087 0.204391 0.729658 1.66283
4665 711833 0.204879 0.724066 1.67072
4670 711579 0.207945 0.737316 1.69677
4675 711326 0.209583 0.743132 1.69386
4680 711072 0.210273 0.73155 1.67985
4685 710818 0.210681 0.732973 1.68577
4690 710564 0.21311 0.727267 1.68147
4695 710311 0.214048 0.730082 1.6771
4700 710057 0.214252 0.727814 1.68225
4705 709803 0.218523 0.725647 1.66547
4710 709550 0.2187 0.716628 1.66742
4715 709296 0.218822 0.716183 1.66235
4720 709043 0.220403 0.710899 1.65137
4725 708789 0.222503 0.712933 1.64578
4730 708536 0.225212 0.712905 1.66382
4735 708282 0.225105 0.703309 1.66245
4740 708028 0.226547 0.713539 1.66971
4745 707775 0.227267 0.722599 1.68002
4750 707521 0.229925 0.709473 1.66901
4755 707267 0.227686 0.710689 1.6823
4760 707014 0.231794 0.711407 1.67913
4765 706760 0.232357 0.71395 1.69564
4770 706506 0.234392 0.710402 1.67974
4775 706252 0.236034 0.705723 1.66232
4780 705997 0.237756 0.697159 1.65911
4785 705743 0.239228 0.695947 1.65021
4790 705489 0.243409 0.68967 1.63111
4795 705235 0.242585 0.699532 1.65687
4800 704980 0.244117 0.698875 1.66322
4805 704725 0.245061 0.693793 1.67264
4810 704471 0.247135 0.685487 1.65573
4815 704216 0.242728 0.69145 1.67071
4820 703961 0.248092 0.692572 1.66396
4825 703705 0.249478 0.688321 1.65209
4830 703450 0.251551 0.678922 1.64302
4835 703194 0.251159 0.679455 1.64785
4840 702939 0.25476 0.675593 1.6508
4845 702683 0.254031 0.671886 1.65238
4850 702427 0.255537 0.671332 1.64723
4855 702171 0.255452 0.665928 1.65403
4860 701915 0.258292 0.659553 1.63444
4865 701658 0.258597 0.656266 1.64799
4870 701401 0.256113 0.668519 1.67668
4875 701145 0.259493 0.652494 1.67981
4880 700888 0.256275 0.655938 1.6759
4885 700630 0.262982 0.649632 1.65155
4890 700373 0.260027 0.636474 1.64775
4895 700115 0.264695 0.637098 1.64901
4900 699858 0.262782 0.629908 1.64841
4905 699600 0.262136 0.623872 1.65939
4910 699341 0.261943 0.631811 1.6779
4915 699083 0.262336 0.627937 1.6901
4920 698824 0.259866 0.615387 1.69467
4925 698566 0.262597 0.617394 1.69771
4930 698307 0.2603 0.613828 1.70975
4935 698048 0.257183 0.597333 1.71558
4940 697788 0.256452 0.592157 1.7187
4945 697529 0.253278 0.581641 1.72557
4950 697269 0.254625 0.569119 1.71849
4955 697009 0.249188 0.558465 1.73307
4960 696749 0.241769 0.532903 1.74559
4965 696488 0.237269 0.532248 1.75447
4970 696228 0.22095 0.474361 1.76708
4975 695967 0.202082 0.389753 1.7626
4980 695706 0.196061 0.318182 1.76526
4985 695445 0.147317 0.272721 1.79983
4990 695184 0.0935808 0.202827 1.85619
4995 694923 0.0534599 0.139864 1.88444
5000 694661 -0.00966405 0.0746518 1.90918
5005 694400 -0.070146 0.00329002 1.91462
5010 694138 -0.132897 -0.0630375 1.90743
5015 693876 -0.187755 -0.0981541 1.85043
5020 693614 -0.239764 -0.133199 1.78394
5025 693353 -0.273207 -0.19089 1.72715
5030 693091 -0.299991 -0.25003 1.66215
5035 692829 -0.333637 -0.308684 1.60919
5040 692568 -0.406418 -0.333996 1.57255
5045 692307 -0.467833 -0.33385 1.51066
5050 692047 -0.539621 -0.393911 1.45161
5055 691788 -0.589929 -0.446134 1.3995
5060 691531 -0.635658 -0.478402 1.33427
5065 691274 -0.702895 -0.53824 1.30712
5070 691018 -0.763 -0.548863 1.26538
5075 690763 -0.822373 -0.612762 1.22862
5080 690508 -0.865452 -0.636309 1.18468
5085 690254 -0.922829 -0.665413 1.1105
5090 690000 -0.913296 -0.618954 1.02538
5095 689747 -0.922239 -0.569307 0.968472
5100 689493 -0.895717 -0.50245 0.914395
5105 689238 -0.911046 -0.498531 0.904895
5110 688984 -0.904017 -0.503501 0.903206
5115 688730 -0.899837 -0.500652 0.902779
5120 688476 -0.901826 -0.49247 0.898036
5125 688221 -0.907204 -0.484398 0.900656
5130 687967 -0.9103 -0.471629 0.90345
5135 687712 -0.9018 -0.475491 0.899239
5140 687458 -0.900334 -0.474337 0.896975
5145 687203 -0.895513 -0.473651 0.89549
5150 686949 -0.899151 -0.46831 0.893605
5155 686694 -0.897699 -0.468729 0.899213
5160 686440 -0.888851 -0.466154 0.895923
5165 686186 -0.889155 -0.462838 0.893003
5170 685931 -0.891249 -0.457715 0.895386
5175 685677 -0.894521 -0.449483 0.885689
5180 685423 -0.892295 -0.440125 0.886644
5185 685169 -0.881196 -0.449034 0.88626
5190 684915 -0.871102 -0.45508 0.890926
5195 684661 -0.850654 -0.46985 0.879519
5200 684407 -0.846089 -0.47027 0.884501
5205 684154 -0.824536 -0.488504 0.874404
5210 683900 -0.83714 -0.470206 0.874388
5215 683647 -0.82605 -0.475372 0.873488
5220 683394 -0.835477 -0.46302 0.875613
5225 683142 -0.838948 -0.453303 0.875615
5230 682889 -0.8459 -0.434044 0.87719
5235 682637 -0.842697 -0.434575 0.872888
5240 682385 -0.859729 -0.41109 0.876422
5245 682134 -0.848283 -0.417782 0.871549
5250 681882 -0.841506 -0.419199 0.872115
5255 681632 -0.829995 -0.419809 0.869476
5260 681381 -0.837594 -0.410454 0.868737
5265 681131 -0.836488 -0.409414 0.866895
5270 680881 -0.819374 -0.416905 0.865477
5275 680632 -0.81518 -0.422512 0.863321
5280 680383 -0.801175 -0.427624 0.855679
5285 680135 -0.824427 -0.404415 0.861795
5290 679887 -0.812244 -0.407427 0.861229
5295 679640 -0.816295 -0.398297 0.862358
5300 679393 -0.819377 -0.386353 0.859453
5305 679147 -0.813053 -0.384603 0.853508
5310 678901 -0.815548 -0.376124 0.856918
5315 678656 -0.817101 -0.374449 0.858488
5320 678412 -0.808858 -0.370914 0.856894
5325 678168 -0.815642 -0.355237 0.85671
5330 677925 -0.812965 -0.354768 0.857387
5335 677683 -0.779878 -0.388361 0.845823
5340 677442 -0.778717 -0.385274 0.849502
5345 677201 -0.773139 -0.390627 0.845556
5350 676961 -0.776828 -0.374645 0.84356
5355 676721 -0.779098 -0.365604 0.847066
5360 676483 -0.786968 -0.348438 0.84702
5365 676246 -0.78452 -0.34529 0.846806
5370 676009 -0.79136 -0.334772 0.845561
5375 675773 -0.793901 -0.333077 0.846497
5380 675538 -0.791725 -0.328487 0.84888
5385 675305 -0.789351 -0.319508 0.845709
5390 675072 -0.790881 -0.309217 0.845478
5395 674840 -0.787826 -0.308645 0.845653
5400 674609 -0.80078 -0.291627 0.850506
5405 674379 -0.793961 -0.296668 0.844668
5410 674151 -0.790703 -0.292118 0.845389
5415 673923 -0.774062 -0.295584 0.843227
5420 673697 -0.756241 -0.31306 0.83851
5425 673472 -0.759235 -0.302451 0.836021
5430 673248 -0.752707 -0.302419 0.838005
5435 673025 -0.745961 -0.307483 0.836008
5440 672803 -0.742448 -0.304707 0.837181
5445 672583 -0.734102 -0.309424 0.831514
5450 672364 -0.73447 -0.30201 0.835049
5455 672147 -0.738713 -0.29408 0.832935
5460 671930 -0.732452 -0.287639 0.829397
5465 671715 -0.737208 -0.281429 0.831962
5470 671502 -0.748083 -0.263515 0.835213
5475 671290 -0.742526 -0.262712 0.836792
5480 671079 -0.733749 -0.257034 0.830858
5485 670870 -0.730271 -0.255118 0.827563
5490 670663 -0.739071 -0.245705 0.83098
5495 670457 -0.733644 -0.244254 0.833003
5500 670252 -0.729537 -0.243697 0.829068
5505 670049 -0.724022 -0.240731 0.829356
5510 669848 -0.737435 -0.222194 0.833427
5515 669649 -0.732257 -0.223339 0.830281
5520 669451 -0.7361 -0.218535 0.826437
5525 669254 -0.724814 -0.216303 0.827861
5530 669060 -0.720481 -0.216903 0.829129
5535 668867 -0.712972 -0.222146 0.827304
5540 668676 -0.694295 -0.235948 0.818978
5545 668487 -0.675137 -0.24715 0.814171
5550 668300 -0.671569 -0.250573 0.812379
5555 668114 -0.669521 -0.239015 0.813467
5560 667930 -0.692783 -0.207883 0.822599
5565 667748 -0.692 -0.205238 0.820533
5570 667569 -0.677128 -0.214381 0.81611
5575 667391 -0.693674 -0.18825 0.821541
5580 667214 -0.697221 -0.182338 0.826815
5585 667040 -0.693257 -0.177277 0.823053
5590 666868 -0.685213 -0.181984 0.819571
5595 666698 -0.685277 -0.170057 0.822416
5600 666530 -0.685858 -0.166523 0.822803
5605 666364 -0.687467 -0.164383 0.82095
5610 666200 -0.693182 -0.143067 0.828322
5615 666039 -0.68302 -0.141039 0.833312
5620 665879 -0.692084 -0.134859 0.827367
5625 665721 -0.6735 -0.148482 0.821118
5630 665566 -0.663631 -0.153043 0.817232
5635 665413 -0.642774 -0.166441 0.808168
5640 665262 -0.636939 -0.167494 0.810648
5645 665113 -0.63456 -0.162869 0.806885
5650 664966 -0.620437 -0.176448 0.803508
5655 664821 -0.614461 -0.174531 0.806004
5660 664679 -0.612532 -0.170676 0.802694
5665 664539 -0.61076 -0.162775 0.802248
5670 664402 -0.618133 -0.153408 0.804604
5675 664266 -0.615798 -0.150047 0.807138
5680 664133 -0.609438 -0.149437 0.805929
5685 664002 -0.60349 -0.145136 0.803925
5690 663874 -0.607054 -0.136519 0.805977
5695 663748 -0.60953 -0.12673 0.809032
5700 663624 -0.604564 -0.128355 0.806945
5705 663503 -0.593577 -0.128255 0.805301
5710 663384 -0.575873 -0.144924 0.796198
5715 663267 -0.584854 -0.128913 0.797671
5720 663153 -0.583992 -0.126043 0.80397
5725 663041 -0.580206 -0.124603 0.798236
5730 662931 -0.588841 -0.109905 0.806298
5735 662824 -0.579031 -0.113067 0.800295
5740 662719 -0.570205 -0.116928 0.801391
5745 662617 -0.552147 -0.125093 0.792934
5750 662517 -0.559414 -0.108912 0.794631
5755 662420 -0.552377 -0.114334 0.799913
5760 662325 -0.543034 -0.117104 0.790956
5765 662232 -0.547763 -0.108393 0.795597
5770 662142 -0.54238 -0.107945 0.793039
5775 662054 -0.534288 -0.108585 0.790515
5780 661969 -0.531205 -0.105021 0.792481
5785 661886 -0.534292 -0.0984387 0.791956
5790 661806 -0.537739 -0.0910248 0.788858
5795 661728 -0.532485 -0.0869337 0.795001
5800 661652 -0.533318 -0.0777358 0.800643
5805 661579 -0.539632 -0.070798 0.798212
5810 661509 -0.526484 -0.0679782 0.793129
5815 661441 -0.524776 -0.0665334 0.79267
5820 661375 -0.525683 -0.0668586 0.79931
5825 661312 -0.515369 -0.0682139 0.79287
5830 661251 -0.530647 -0.0443595 0.804712
5835 661192 -0.528359 -0.0444673 0.803591
5840 661136 -0.503939 -0.0641547 0.792141
5845 661083 -0.508148 -0.0577652 0.789982
5850 661032 -0.507 -0.0438385 0.798829
5855 660983 -0.510734 -0.0417252 0.794761
5860 660937 -0.483266 -0.0574794 0.7924
5865 660893 -0.482208 -0.0562642 0.786799
5870 660851 -0.477438 -0.0575308 0.78395
5875 660812 -0.470861 -0.0554351 0.783499
5880 660775 -0.471196 -0.0549994 0.784094
5885 660741 -0.46961 -0.0449299 0.783284
5890 660709 -0.463336 -0.040521 0.784466
5895 660679 -0.459958 -0.046836 0.787772
5900 660652 -0.475852 -0.0233369 0.79611
5905 660627 -0.466977 -0.0254265 0.792146
5910 660604 -0.469136 -0.0272875 0.787701
5915 660584 -0.44664 -0.0339178 0.782739
5920 660566 -0.451338 -0.0277288 0.781984
5925 660550 -0.441035 -0.0279164 0.777663
5930 660536 -0.456451 -0.0113142 0.788751
5935 660525 -0.446109 -0.0151493 0.787639
5940 660516 -0.442239 -0.00988196 0.785159
5945 660509 -0.448567 -0.000881414 0.789021
5950 660504 -0.442521 0.000805933 0.792741
5955 660502 -0.439762 0.00297782 0.788399
5960 660502 -0.433967 0.00343867 0.785727
5965 660504 -0.427002 0.00428968 0.785194
5970 660508 -0.414717 -0.00595261 0.779866
5975 660514 -0.417896 0.00152257 0.780021
5980 660523 -0.422824 0.0101263 0.783787
5985 660533 -0.427046 0.0200077 0.792568
5990 660546 -0.434803 0.038528 0.801179
5995 660561 -0.435525 0.038102 0.799504
6000 660578 -0.426386 0.0330979 0.794317
6005 660597 -0.414577 0.0294372 0.791484
6010 660618 -0.417589 0.0362909 0.794423
6015 660641 -0.417268 0.041681 0.797159
6020 660666 -0.406949 0.0381128 0.790897
6025 660693 -0.411216 0.0377306 0.791534
6030 660722 -0.407837 0.0446251 0.790752
6035 660753 -0.396269 0.0427874 0.790986
6040 660786 -0.399779 0.0546248 0.793536
6045 660821 -0.387216 0.0363826 0.788801
6050 660858 -0.390264 0.0555702 0.786276
6055 660897 -0.370669 0.0459085 0.786142
6060 660937 -0.376822 0.051912 0.790023
6065 660980 -0.381773 0.0604654 0.793699
6070 661024 -0.368985 0.0541814 0.785703
6075 661070 -0.36781 0.0540761 0.780678
6080 661118 -0.371002 0.0648094 0.788409
6085 661168 -0.377311 0.0743949 0.801957
6090 661220 -0.369589 0.0706907 0.794439
6095 661273 -0.368867 0.076609 0.793149
6100 661328 -0.356662 0.0708544 0.787463
6105 661385 -0.362375 0.0789838 0.792836
6110 661444 -0.371113 0.0972642 0.798248
6115 661504 -0.366368 0.0901045 0.799412
6120 661566 -0.363864 0.0921321 0.798039
6125 661630 -0.3734 0.107947 0.804871
6130 661695 -0.370162 0.108292 0.800969
6135 661762 -0.349777 0.102605 0.799022
6140 661831 -0.333855 0.0856953 0.78712
6145 661901 -0.333885 0.0889842 0.786734
6150 661973 -0.335594 0.0963996 0.78824
6155 662046 -0.341558 0.107214 0.799545
6160 662121 -0.353934 0.125245 0.810314
6165 662197 -0.343244 0.117943 0.801892
6170 662275 -0.346728 0.122852 0.809347
6175 662355 -0.325766 0.11052 0.790517
6180 662436 -0.326149 0.113515 0.796775
6185 662519 -0.319699 0.115876 0.794045
6190 662603 -0.302711 0.103345 0.783336
6195 662688 -0.303802 0.10335 0.785448
6200 662775 -0.319921 0.126042 0.799628
6205 662863 -0.302615 0.112054 0.790379
6210 662953 -0.301138 0.120708 0.791537
6215 663044 -0.297166 0.1174 0.79325
6220 663137 -0.301733 0.12126 0.788461
6225 663231 -0.295919 0.131528 0.790057
6230 663326 -0.29091 0.121144 0.7892
6235 663423 -0.315075 0.153853 0.810167
6240 663521 -0.322415 0.163119 0.814782
6245 663620 -0.311583 0.15764 0.813435
6250 663721 -0.306104 0.153149 0.8052
6255 663823 -0.299684 0.159653 0.809637
6260 663926 -0.298399 0.155448 0.806989
6265 664030 -0.295226 0.160659 0.807019
6270 664136 -0.289382 0.159123 0.807127
6275 664243 -0.287043 0.161806 0.806182
6280 664351 -0.294215 0.167686 0.81539
6285 664461 -0.299076 0.180158 0.817984
6290 664572 -0.292659 0.173911 0.811229
6295 664684 -0.294437 0.184299 0.82195
6300 664797 -0.293392 0.18462 0.822572
6305 664911 -0.286415 0.187161 0.820421
6310 665027 -0.291618 0.195075 0.827269
6315 665144 -0.296557 0.206587 0.837504
6320 665261 -0.306078 0.215802 0.847313
6325 665381 -0.307208 0.223223 0.846739
6330 665501 -0.299193 0.218983 0.846388
6335 665622 -0.307034 0.235537 0.852923
6340 665745 -0.308981 0.237996 0.853621
6345 665868 -0.300007 0.234568 0.84907
6350 665993 -0.295335 0.233939 0.849434
6355 666119 -0.283235 0.224406 0.841556
6360 666246 -0.282928 0.229856 0.84393
6365 666374 -0.28431 0.230967 0.843187
6370 666503 -0.279207 0.232193 0.843555
6375 666634 -0.28093 0.239431 0.850405
6380 666765 -0.284093 0.244755 0.852101
6385 666898 -0.280693 0.24373 0.857088
6390 667031 -0.275504 0.248659 0.85471
6395 667166 -0.275567 0.246534 0.851694
6400 667302 -0.271201 0.246753 0.851227
6405 667439 -0.275073 0.261081 0.862099
6410 667577 -0.275308 0.261078 0.863962
6415 667715 -0.269932 0.259238 0.855555
6420 667856 -0.27677 0.273598 0.868565
6425 667997 -0.273678 0.273533 0.870371
6430 668139 -0.278003 0.277059 0.869819
6435 668282 -0.273716 0.277003 0.872075
6440 668426 -0.261727 0.269591 0.862121
6445 668571 -0.245291 0.264471 0.85609
6450 668718 -0.245834 0.258509 0.852104
6455 668865 -0.24136 0.256472 0.843218
6460 669014 -0.248011 0.265725 0.859231
6465 669163 -0.239296 0.272089 0.852814
6470 669314 -0.252436 0.284472 0.863465
6475 669465 -0.244588 0.280535 0.858299
6480 669618 -0.233679 0.271636 0.8557
6485 669772 -0.247895 0.286648 0.865019
6490 669927 -0.230991 0.280118 0.8611
6495 670082 -0.232655 0.286389 0.862175
6500 670239 -0.236774 0.289845 0.874525
6505 670397 -0.242874 0.300054 0.876682
6510 670556 -0.230395 0.292216 0.870213
6515 670716 -0.235686 0.297893 0.87251
6520 670877 -0.237489 0.308379 0.890427
6525 671039 -0.23852 0.313482 0.883585
6530 671203 -0.244394 0.320733 0.891553
6535 671367 -0.245855 0.322772 0.901241
6540 671532 -0.236047 0.322453 0.894142
6545 671699 -0.229787 0.324404 0.898309
6550 671866 -0.223242 0.317919 0.8895
6555 672035 -0.220399 0.311775 0.884856
6560 672205 -0.225425 0.327159 0.895184
6565 672376 -0.231585 0.342524 0.910782
6570 672548 -0.220315 0.331704 0.896383
6575 672721 -0.221811 0.335232 0.896802
6580 672895 -0.221577 0.340586 0.907271
6585 673070 -0.237989 0.356649 0.919566
6590 673247 -0.221673 0.349141 0.911344
6595 673424 -0.230359 0.360792 0.913561
6600 673603 -0.21842 0.349994 0.907758
6605 673783 -0.21758 0.355775 0.916022
6610 673964 -0.216627 0.356252 0.914293
6615 674146 -0.207866 0.352314 0.912441
6620 674329 -0.21292 0.361063 0.916331
6625 674514 -0.210668 0.364647 0.917531
6630 674699 -0.206636 0.364508 0.92289
6635 674886 -0.213252 0.371875 0.92427
6640 675074 -0.20283 0.365719 0.917213
6645 675263 -0.201097 0.368098 0.92087
6650 675454 -0.189658 0.358433 0.905802
6655 675646 -0.19459 0.369541 0.915725
6660 675838 -0.192785 0.368779 0.922356
6665 676033 -0.191584 0.372467 0.920069
6670 676228 -0.195406 0.381353 0.928259
6675 676425 -0.199911 0.387816 0.937506
6680 676623 -0.194642 0.389604 0.936914
6685 676822 -0.193849 0.391878 0.941025
6690 677022 -0.193974 0.396778 0.943304
6695 677224 -0.186736 0.388085 0.934433
6700 677427 -0.180262 0.384931 0.931448
6705 677631 -0.169369 0.372419 0.911868
6710 677837 -0.169788 0.377672 0.925875
6715 678044 -0.176723 0.388991 0.932121
6720 678252 -0.166852 0.38397 0.922226
6725 678462 -0.159184 0.377602 0.916914
6730 678673 -0.15812 0.385478 0.914573
6735 678886 -0.159763 0.383565 0.932142
6740 679100 -0.164908 0.398221 0.94184
6745 679315 -0.167568 0.406742 0.943612
6750 679532 -0.161318 0.399686 0.937576
6755 679750 -0.164302 0.409983 0.947954
6760 679969 -0.158794 0.410711 0.943817
6765 680190 -0.164301 0.416019 0.952647
6770 680412 -0.157086 0.410407 0.945471
6775 680636 -0.144148 0.403339 0.936112
6780 680862 -0.147638 0.401051 0.936017
6785 681088 -0.13493 0.395035 0.933131
6790 681317 -0.133165 0.397702 0.921458
6795 681546 -0.132595 0.397026 0.924135
6800 681778 -0.130098 0.402181 0.932721
6805 682011 -0.123428 0.400609 0.919509
6810 682245 -0.138498 0.420763 0.953153
6815 682481 -0.143843 0.430212 0.956986
6820 682718 -0.139351 0.428929 0.960388
6825 682957 -0.131896 0.424532 0.95915
6830 683198 -0.125902 0.421104 0.95276
6835 683440 -0.11818 0.415208 0.943135
6840 683684 -0.112261 0.405673 0.936328
6845 683930 -0.111931 0.414455 0.935851
6850 684177 -0.115779 0.425542 0.944314
6855 684426 -0.0962892 0.402998 0.924964
6860 684676 -0.091955 0.403225 0.916165
6865 684928 -0.0891286 0.40363 0.916898
6870 685182 -0.092458 0.410301 0.920256
6875 685437 -0.0831377 0.406419 0.924766
6880 685695 -0.0759719 0.399146 0.910079
6885 685953 -0.0796044 0.40917 0.921156
6890 686214 -0.0764975 0.406962 0.918166
6895 686476 -0.0748677 0.40987 0.921872
6900 686740 -0.0691622 0.4081 0.921087
6905 687006 -0.0679837 0.413117 0.921674
6910 687274 -0.0627069 0.411211 0.920449
6915 687543 -0.0642562 0.41097 0.919663
6920 687814 -0.0565588 0.407542 0.910797
6925 688087 -0.0531662 0.406178 0.91063
6930 688362 -0.0492385 0.405357 0.911772
6935 688638 -0.0534274 0.412749 0.917594
6940 688917 -0.044306 0.409066 0.908533
6945 689197 -0.0514953 0.421756 0.91623
6950 689479 -0.04629 0.420072 0.926539
6955 689763 -0.0403502 0.412671 0.907755
6960 690048 -0.0303893 0.405835 0.899384
6965 690336 -0.033165 0.412174 0.906256
6970 690625 -0.0244 0.407714 0.89366
6975 690917 -0.0192876 0.410838 0.901216
6980 691210 -0.0225825 0.410492 0.896298
6985 691505 -0.0118331 0.406866 0.888892
6990 691802 -0.00741171 0.40232 0.880054
6995 692101 -0.0025541 0.400101 0.873712
7000 692402 0.0103039 0.394434 0.8683
7005 692705 0.00656029 0.400645 0.873734
7010 693009 0.0173926 0.393381 0.861279
7015 693316 0.0132697 0.401335 0.865367
7020 693625 0.0173557 0.396559 0.857972
7025 693935 0.0149476 0.406576 0.876804
7030 694248 0.0161304 0.409797 0.88108
7035 694562 0.0232941 0.402038 0.86515
7040 694879 0.0224301 0.410098 0.879555
7045 695197 0.0233947 0.416685 0.88794
7050 695518 0.0202266 0.419984 0.889192
7055 695840 0.0229087 0.417952 0.880117
7060 696164 0.0242659 0.417502 0.891499
7065 696491 0.0287562 0.421055 0.887078
7070 696819 0.0276742 0.42352 0.88617
7075 697149 0.0307465 0.427112 0.888945
7080 697482 0.0393933 0.420463 0.879005
7085 697816 0.0411615 0.422979 0.873115
7090 698152 0.0526728 0.409745 0.844835
7095 698490 0.059688 0.409046 0.856255
7100 698831 0.0651141 0.407014 0.847627
7105 699173 0.071421 0.402877 0.834683
7110 699517 0.0731911 0.406941 0.840394
7115 699863 0.0724494 0.412368 0.849578
7120 700212 0.0720757 0.414554 0.844196
7125 700562 0.0669171 0.423767 0.846476
7130 700914 0.0758113 0.418821 0.84792
7135 701268 0.0780918 0.417442 0.849586
7140 701624 0.0815105 0.417898 0.850531
7145 701982 0.0845178 0.420087 0.844886
7150 702342 0.0938783 0.410235 0.838392
7155 702704 0.0873073 0.4244 0.858356
7160 703068 0.0845007 0.426057 0.845083
7165 703434 0.0890064 0.429163 0.851173
7170 703802 0.090729 0.430908 0.852797
7175 704172 0.0946604 0.431236 0.853936
7180 704544 0.084973 0.440173 0.880132
7185 704918 0.0841299 0.449963 0.887295
7190 705293 0.0843181 0.452785 0.891673
7195 705671 0.090554 0.450717 0.889703
7200 706050 0.09485 0.450774 0.886379
7205 706431 0.0975974 0.451509 0.886514
7210 706815 0.103304 0.448704 0.888257
7215 707200 0.0997639 0.456997 0.900224
7220 707586 0.101523 0.460211 0.888772
7225 707975 0.110193 0.454012 0.883008
7230 708366 0.098034 0.465833 0.901088
7235 708758 0.0986698 0.472407 0.905415
7240 709152 0.107261 0.467281 0.898656
7245 709548 0.109587 0.467783 0.893672
7250 709946 0.119837 0.458917 0.875564
7255 710345 0.119351 0.46764 0.890141
7260 710747 0.122123 0.466153 0.892777
7265 711150 0.122501 0.468684 0.889182
7270 711554 0.128228 0.466798 0.88489
7275 711961 0.129685 0.464866 0.880071
7280 712369 0.133667 0.468523 0.87695
7285 712778 0.139031 0.464988 0.867122
7290 713190 0.138786 0.467444 0.872391
7295 713603 0.141855 0.470232 0.888081
7300 714017 0.139079 0.47457 0.886563
7305 714433 0.146074 0.475215 0.879255
7310 714851 0.135223 0.48507 0.901389
7315 715270 0.142662 0.484446 0.903576
7320 715691 0.140068 0.494148 0.92826
7325 716113 0.143557 0.492641 0.917558
7330 716536 0.147985 0.487944 0.908811
7335 716961 0.156653 0.485793 0.890237
7340 717388 0.160851 0.483821 0.872109
7345 717816 0.165457 0.481089 0.883451
7350 718245 0.161761 0.488566 0.893319
7355 718675 0.165938 0.488714 0.884869
7360 719107 0.165388 0.493673 0.893063
7365 719540 0.168474 0.489755 0.893189
7370 719975 0.16911 0.500429 0.906365
7375 720410 0.165008 0.504248 0.909615
7380 720847 0.169625 0.507454 0.930358
7385 721285 0.160305 0.512983 0.932063
7390 721724 0.169197 0.517019 0.926213
7395 722164 0.166394 0.516913 0.93235
7400 722605 0.165956 0.524416 0.965834
7405 723048 0.166019 0.529147 0.951132
7410 723491 0.170049 0.525071 0.945432
7415 723935 0.177449 0.520702 0.921347
7420 724381 0.187288 0.515581 0.919445
7425 724827 0.187931 0.515875 0.918563
7430 725274 0.190827 0.518146 0.906587
7435 725722 0.193726 0.51786 0.910394
7440 726170 0.201187 0.51299 0.890389
7445 726620 0.205534 0.51218 0.896702
7450 727070 0.204048 0.518751 0.896902
7455 727521 0.205562 0.517883 0.897981
7460 727973 0.207944 0.519038 0.904178
7465 728425 0.211251 0.520056 0.90956
7470 728878 0.206342 0.527837 0.910777
7475 729332 0.21557 0.524818 0.918878
7480 729786 0.20979 0.530379 0.910966
7485 730240 0.212068 0.533856 0.927708
7490 730695 0.209759 0.539849 0.936739
7495 731151 0.219828 0.531694 0.918256
7500 731606 0.215433 0.540494 0.923359
7505 732063 0.218163 0.540398 0.921927
7510 732519 0.226486 0.533918 0.911461
7515 732976 0.219288 0.545321 0.938366
7520 733433 0.220401 0.547755 0.94371
7525 733890 0.220937 0.54849 0.945543
7530 734348 0.226975 0.550906 0.951913
7535 734805 0.228698 0.552146 0.943049
7540 735263 0.2247 0.558991 0.951777
7545 735721 0.223469 0.564723 0.963456
7550 736178 0.221264 0.568932 0.97535
7555 736636 0.223878 0.567798 0.976377
7560 737094 0.230067 0.567828 0.975235
7565 737551 0.234326 0.568855 0.977654
7570 738009 0.234364 0.570277 0.994154
7575 738466 0.238827 0.569615 0.985024
7580 738923 0.236134 0.574556 0.981739
7585 739380 0.236633 0.575041 0.990722
7590 739836 0.240701 0.575422 0.977248
7595 740293 0.240803 0.580116 0.975791
7600 740748 0.247471 0.576078 0.970623
7605 741204 0.244706 0.57953 0.968037
7610 741659 0.253075 0.573924 0.95301
7615 742113 0.262336 0.567926 0.944404
7620 742567 0.258813 0.571133 0.93133
7625 743021 0.264523 0.567833 0.920344
7630 743474 0.257612 0.579489 0.942882
7635 743926 0.261852 0.580842 0.952698
7640 744378 0.258801 0.586562 0.942732
7645 744829 0.266016 0.583138 0.93327
7650 745279 0.267299 0.584536 0.921722
7655 745728 0.276036 0.575337 0.91442
7660 746177 0.277301 0.575272 0.907271
7665 746625 0.277281 0.578805 0.91465
7670 747072 0.27757 0.581175 0.918659
7675 747518 0.280725 0.581047 0.916946
7680 747963 0.281628 0.582554 0.926076
7685 748407 0.280754 0.585589 0.926132
7690 748850 0.280101 0.592229 0.933286
7695 749292 0.281415 0.594275 0.924938
7700 749733 0.279718 0.597376 0.926523
7705 750173 0.280221 0.599447 0.929826
7710 750612 0.277086 0.609062 0.944776
7715 751050 0.284631 0.602105 0.935387
7720 751486 0.282383 0.602646 0.928419
7725 751921 0.282198 0.608795 0.92583
7730 752355 0.282454 0.608967 0.933228
7735 752788 0.282823 0.614577 0.93756
7740 753219 0.28016 0.618873 0.943303
7745 753649 0.280939 0.62158 0.933477
7750 754077 0.279079 0.626323 0.937017
7755 754505 0.280957 0.626638 0.948865
7760 754930 0.28112 0.628123 0.929485
7765 755354 0.286437 0.621709 0.907636
7770 755777 0.284208 0.627329 0.906707
7775 756198 0.281482 0.633078 0.909322
7780 756618 0.282864 0.635131 0.905402
7785 757036 0.276175 0.644615 0.911996
7790 757453 0.274298 0.652206 0.937952
7795 757868 0.267897 0.664253 0.969692
7800 758281 0.274261 0.664703 0.956256
7805 758692 0.26213 0.677902 0.962936
7810 759102 0.259573 0.684657 0.971559
7815 759510 0.262967 0.686186 0.977909
7820 759917 0.252891 0.700034 0.976205
7825 760321 0.248101 0.702099 0.956581
7830 760724 0.241359 0.715287 0.961683
7835 761125 0.234252 0.725065 0.959706
7840 761525 0.226219 0.739175 0.959622
7845 761922 0.20315 0.774781 0.978386
7850 762317 0.192797 0.790165 0.970036
7855 762711 0.166921 0.826059 0.970105
7860 763103 0.109913 0.890658 0.94031
7865 763493 0.0613772 0.957797 0.912017
7870 763881 -0.000122354 1.0018 0.891774
7875 764267 -0.0503816 1.05598 0.854824
7880 764651 -0.125586 1.10677 0.850454
7885 765033 -0.155272 1.16874 0.849504
7890 765413 -0.200346 1.24684 0.824928
7895 765791 -0.239423 1.30646 0.818265
7900 766167 -0.284276 1.36575 0.800438
7905 766541 -0.323449 1.41351 0.834207
7910 766913 -0.361873 1.4815 0.821636
7915 767283 -0.402005 1.54649 0.885993
7920 767651 -0.46144 1.59246 0.926734
7925 768017 -0.498076 1.57445 0.997229
7930 768381 -0.5648 1.53805 1.0438
7935 768743 -0.61177 1.51649 1.07643
7940 769103 -0.676959 1.50161 1.12833
7945 769461 -0.733914 1.47659 1.20004
7950 769816 -0.775885 1.44543 1.26985
7955 770170 -0.842543 1.38426 1.30739
7960 770522 -0.908041 1.35379 1.33286
7965 770872 -0.984891 1.31515 1.31896
7970 771220 -1.06081 1.26326 1.32264
7975 771566 -1.10322 1.19187 1.29697
7980 771910 -1.17316 1.12928 1.23783
7985 772253 -1.21374 1.07706 1.1853
7990 772593 -1.26627 1.00634 1.14782
7995 772932 -1.30291 0.940764 1.09599
8000 773269 -1.3404 0.894708 1.06725
8005 773604 -1.39194 0.850274 1.00633
8010 773938 -1.422 0.806348 0.956954
8015 774270 -1.48318 0.743556 0.893499
8020 774601 -1.52513 0.675935 0.850474
8025 774930 -1.56564 0.612362 0.801219
8030 775257 -1.61608 0.543096 0.782854
8035 775583 -1.64432 0.4763 0.725246
8040 775907 -1.69792 0.417618 0.672676
8045 776229 -1.69731 0.38062 0.646141
8050 776548 -1.70301 0.384048 0.637438
8055 776866 -1.69996 0.383684 0.637774
8060 777181 -1.69234 0.382172 0.644938
8065 777493 -1.68861 0.379522 0.644186
8070 777804 -1.68897 0.390198 0.642885
8075 778112 -1.70332 0.406402 0.63243
8080 778417 -1.68992 0.398569 0.641605
8085 778721 -1.67541 0.392325 0.647364
8090 779022 -1.67449 0.404032 0.653735
8095 779321 -1.67047 0.401398 0.649506
8100 779617 -1.66976 0.40114 0.651661
8105 779911 -1.6621 0.403608 0.658276
8110 780203 -1.6598 0.410242 0.659602
8115 780492 -1.66815 0.416019 0.651722
8120 780780 -1.67049 0.426296 0.650358
8125 781065 -1.67035 0.424745 0.649917
8130 781347 -1.66406 0.42703 0.653206
8135 781628 -1.66657 0.437986 0.650382
8140 781906 -1.66938 0.441917 0.649512
8145 782181 -1.65954 0.434224 0.652737
8150 782455 -1.6558 0.438491 0.65535
8155 782726 -1.65765 0.446946 0.653891
8160 782995 -1.65772 0.45001 0.658067
8165 783262 -1.66643 0.458132 0.646292
8170 783527 -1.66454 0.467329 0.651789
8175 783789 -1.67646 0.472369 0.64242
8180 784049 -1.66331 0.468967 0.651958
8185 784307 -1.68162 0.487204 0.637068
8190 784563 -1.68168 0.493149 0.636384
8195 784816 -1.67286 0.49232 0.644633
8200 785067 -1.66354 0.490458 0.647603
8205 785316 -1.67872 0.508094 0.637038
8210 785563 -1.68044 0.510114 0.634815
8215 785808 -1.6702 0.505207 0.637743
8220 786051 -1.66954 0.507951 0.641469
8225 786291 -1.66842 0.516509 0.648126
8230 786530 -1.66817 0.51814 0.644517
8235 786766 -1.66349 0.5192 0.645153
8240 787000 -1.64804 0.516996 0.654303
8245 787232 -1.64064 0.511939 0.656962
8250 787462 -1.62989 0.512058 0.663512
8255 787690 -1.61592 0.506395 0.67036
8260 787915 -1.60853 0.503351 0.67324
8265 788139 -1.60989 0.504805 0.674925
8270 788361 -1.605 0.509185 0.683671
8275 788580 -1.60877 0.519041 0.677568
8280 788798 -1.60612 0.520084 0.675451
8285 789013 -1.59977 0.520246 0.684659
8290 789227 -1.59707 0.52155 0.680826
8295 789438 -1.59774 0.528755 0.677864
8300 789648 -1.58125 0.520097 0.689751
8305 789855 -1.57729 0.518647 0.691855
8310 790061 -1.58988 0.534119 0.685063
8315 790265 -1.59679 0.541038 0.684601
8320 790466 -1.60072 0.545422 0.680718
8325 790666 -1.59397 0.555862 0.67838
8330 790864 -1.60024 0.554141 0.678106
8335 791060 -1.60688 0.560078 0.67517
8340 791254 -1.61534 0.57678 0.67151
8345 791446 -1.6172 0.582429 0.666849
8350 791636 -1.61805 0.589391 0.666229
8355 791824 -1.61608 0.590442 0.665729
8360 792011 -1.61974 0.598609 0.673313
8365 792195 -1.60809 0.600952 0.674183
8370 792378 -1.60289 0.590189 0.675782
8375 792559 -1.60103 0.596024 0.676986
8380 792738 -1.60585 0.60024 0.674852
8385 792915 -1.59866 0.60173 0.67975
8390 793091 -1.5913 0.603082 0.682683
8395 793264 -1.58248 0.59981 0.687766
8400 793436 -1.57432 0.599387 0.691581
8405 793606 -1.57865 0.604658 0.691996
8410 793775 -1.5789 0.607464 0.68296
8415 793941 -1.58006 0.616875 0.689622
8420 794106 -1.57974 0.619232 0.69051
8425 794269 -1.57181 0.616029 0.693001
8430 794431 -1.54648 0.595633 0.707854
8435 794590 -1.53734 0.60489 0.714943
8440 794748 -1.53924 0.600672 0.713309
8445 794905 -1.53741 0.609461 0.712393
8450 795059 -1.51633 0.59611 0.725374
8455 795212 -1.52553 0.6126 0.71996
8460 795363 -1.52253 0.609266 0.722537
8465 795513 -1.50783 0.604901 0.729443
8470 795661 -1.4906 0.603252 0.738236
8475 795807 -1.51541 0.617993 0.726656
8480 795952 -1.50467 0.613974 0.73039
8485 796095 -1.49912 0.613895 0.733596
8490 796236 -1.50264 0.624074 0.73443
8495 796376 -1.47758 0.608465 0.743757
8500 796514 -1.49149 0.623932 0.73861
8505 796651 -1.49851 0.631952 0.737545
8510 796786 -1.49351 0.634519 0.741838
8515 796919 -1.48426 0.626841 0.741678
8520 797051 -1.48957 0.639584 0.739031
8525 797181 -1.45788 0.619543 0.756055
8530 797310 -1.46414 0.627098 0.75311
8535 797437 -1.45281 0.626097 0.759078
8540 797563 -1.45936 0.632281 0.75463
8545 797687 -1.44681 0.624829 0.759808
8550 797809 -1.45307 0.629425 0.758463
8555 797930 -1.45609 0.641301 0.756678
8560 798050 -1.45773 0.649996 0.759027
8565 798168 -1.45157 0.652051 0.760737
8570 798284 -1.45602 0.65471 0.759942
8575 798399 -1.45283 0.660661 0.762598
8580 798512 -1.46564 0.672563 0.758695
8585 798624 -1.44476 0.658603 0.76438
8590 798734 -1.43589 0.657136 0.766686
8595 798843 -1.43439 0.660693 0.770473
