0 649792 0 0 0
10 649796 0 0 0
20 649808 0 0 0
30 649828 0 0 0
40 649856 0 0 0
50 649891 0 0 0
60 649934 0 0 0
70 649984 0 0 0
80 650042 0 0 0
90 650107 0 0 0
100 650178 0 0 0
110 650257 0 0 0
120 650342 0 0 0
130 650434 0 0 0
140 650532 0 0 0
150 650637 0 0 0
160 650747 0 0 0
170 650865 0 0 0
180 650988 0 0 0
190 651117 0 0 0
200 651251 0 0 0
210 651392 0 0 0
220 651538 0 0 0
230 651690 0 0 0
240 651847 0 0 0
250 652009 0 0 0
260 652177 0 0 0
270 652349 0 0 0
280 652527 0 0 0
290 652710 0 0 0
300 652898 0 0 0
310 653090 0 0 0
320 653288 0 0 0
330 653490 0 0 0
340 653697 0 0 0
350 653908 0 0 0
360 654124 0 0 0
370 654345 0 0 0
380 654570 0 0 0
390 654800 0 0 0
400 655034 0 0 0
410 655273 0 0 0
420 655516 0 0 0
430 655763 0 0 0
440 656015 0 0 0
450 656271 0 0 0
460 656532 0 0 0
470 656797 0 0 0
480 657066 0 0 0
490 657340 0 0 0
500 657618 0 0 0
510 657901 0 0 0
520 658188 0 0 0
530 658480 0 0 0
540 658776 0 0 0
550 659077 0 0 0
560 659383 0 0 0
570 659693 0 0 0
580 660008 0 0 0
590 660328 0 0 0
600 660652 0 0 0
610 660982 0 0 0
620 661316 0 0 0
630 661655 0 0 0
640 662000 0 0 0
650 662349 0 0 0
660 662704 0 0 0
670 663064 0 0 0
680 663430 0 0 0
690 663801 0 0 0
700 664177 0 0 0
710 664559 0 0 0
720 664947 0 0 0
730 665341 0 0 0
740 665740 0 0 0
750 666146 0 0 0
760 666558 0 0 0
770 666976 0 0 0
780 667400 0 0 0
790 667830 0 0 0
800 668267 0 0 0
810 668711 0 0 0
820 669161 0 0 0
830 669619 0 0 0
840 670083 0 0 0
850 670554 0 0 0
860 671032 0 0 0
870 671517 0 0 0
880 672010 0 0 0
890 672510 0 0 0
900 673017 0 0 0
910 673532 0 0 0
920 674055 0 0 0
930 674586 0 0 0
940 675124 0 0 0
950 675671 0 0 0
960 676225 0 0 0
970 676788 0 0 0
980 677359 0 0 0
990 677938 0 0 0
1000 678525 0 0 0
1010 679121 0 0 0
1020 679725 0 0 0
1030 680338 0 0 0
1040 680960 0 0 0
1050 681590 0 0 0
1060 682229 0 0 0
1070 682876 0 0 0
1080 683532 0 0 0
1090 684197 0 0 0
1100 684871 0 0 0
1110 685553 0 0 0
1120 686244 0 0 0
1130 686944 0 0 0
1140 687653 0 0 0
1150 688370 0 0 0
1160 689097 0 0 0
1170 689831 0 0 0
1180 690575 0 0 0
1190 691327 0 0 0
1200 692087 0 0 0
1210 692856 0 0 0
1220 693633 0 0 0
1230 694418 0 0 0
1240 695211 0 0 0
1250 696013 0 0 0
1260 696822 0 0 0
1270 697639 0 0 0
1280 698463 0 0 0
1290 699295 0 0 0
1300 700134 0 0 0
1310 700980 0 0 0
1320 701833 0 0 0
1330 702693 0 0 0
1340 703559 0 0 0
1350 704432 0 0 0
1360 705311 0 0 0
1370 706195 0 0 0
1380 707085 0 0 0
1390 707980 0 0 0
1400 708881 0 0 0
1410 709786 0 0 0
1420 710695 0 0 0
1430 711609 0 0 0
1440 712527 0 0 0
1450 713449 0 0 0
1460 714374 0 0 0
1470 715302 0 0 0
1480 716232 0 0 0
1490 717166 0 0 0
1500 718101 0 0 0
1510 719038 0 0 0
1520 719977 0 0 0
1530 720916 0 0 0
1540 721857 0 0 0
1550 722798 0 0 0
1560 723739 0 0 0
1570 724680 0 0 0
1580 725620 0 0 0
1590 726560 0 0 0
1600 727498 0 0 0
1610 728435 0 0 0
1620 729370 0 0 0
1630 730303 0 0 0
1640 731233 0 0 0
1650 732161 0 0 0
1660 733085 0 0 0
1670 734007 0 0 0
1680 734924 0 0 0
1690 735837 0 0 0
1700 736746 0 0 0
1710 737651 0 0 0
1720 738551 0 0 0
1730 739445 0 0 0
1740 740334 0 0 0
1750 741218 0 0 0
1760 742095 0 0 0
1770 742967 0 0 0
1780 743832 0 0 0
1790 744690 0 0 0
1800 745542 0 0 0
1810 746387 0 0 0
1820 747225 0 0 0
1830 748055 0 0 0
1840 748878 0 0 0
1850 749693 0 0 0
1860 750500 0 0 0
1870 751299 0 0 0
1880 752090 0 0 0
1890 752873 0 0 0
1900 753647 0 0 0
1910 754413 0 0 0
1920 755171 0 0 0
1930 755919 0 0 0
1940 756659 0 0 0
1950 757390 0 0 0
1960 758112 0 0 0
1970 758826 0 0 0
1980 759530 0 0 0
1990 760225 0 0 0
2000 760912 0 0 0
2010 761589 0 0 0
2020 762257 0 0 0
2030 762916 0 0 0
2040 763566 0 0 0
2050 764207 0 0 0
2060 764838 0 0 0
2070 765461 0 0 0
2080 766075 0 0 0
2090 766679 0 0 0
2100 767275 0 0 0
2110 767862 0 0 0
2120 768439 0 0 0
2130 769008 0 0 0
2140 769569 0 0 0
2150 770120 0 0 0
2160 770663 0 0 0
2170 771197 0 0 0
2180 771723 0 0 0
2190 772240 0 0 0
2200 772749 0 0 0
2210 773249 0 0 0
2220 773742 0 0 0
2230 774226 0 0 0
2240 774702 0 0 0
2250 775170 0 0 0
2260 775630 0 0 0
2270 776082 0 0 0
2280 776527 0 0 0
2290 776963 0 0 0
2300 777393 0 0 0
2310 777814 0 0 0
2320 778229 0 0 0
2330 778636 0 0 0
2340 779035 0 0 0
2350 779428 0 0 0
2360 779813 0 0 0
2370 780192 0 0 0
2380 780563 0 0 0
2390 780928 0 0 0
2400 781286 0 0 0
2410 781637 0 0 0
2420 781982 0 0 0
2430 782320 0 0 0
2440 782652 0 0 0
2450 782977 0 0 0
2460 783296 0 0 0
2470 783608 0 0 0
2480 783915 0 0 0
2490 784215 0 0 0
2500 784509 0 0 0
2510 784797 0 0 0
2520 785079 0 0 0
2530 785355 0 0 0
2540 785625 0 0 0
2550 785890 0 0 0
2560 786148 0 0 0
2570 786400 0 0 0
2580 786647 0 0 0
2590 786888 0 0 0
2600 787123 0 0 0
2610 787353 0 0 0
2620 787577 0 0 0
2630 787795 0 0 0
2640 788007 0 0 0
2650 788214 0 0 0
2660 788415 0 0 0
2670 788611 0 0 0
2680 788800 0 0 0
2690 788984 0 0 0
2700 789163 0 0 0
2710 789335 0 0 0
2720 789502 0 0 0
2730 789663 0 0 0
2740 789818 0 0 0
2750 789967 0 0 0
2760 790111 0 0 0
2770 790248 0 0 0
2780 790380 0 0 0
2790 790505 0 0 0
2800 790625 0 0 0
2810 790738 0 0 0
2820 790845 0 0 0
2830 790946 0 0 0
2840 791041 0 0 0
2850 791129 0 0 0
2860 791210 0 0 0
2870 791286 0 0 0
2880 791354 0 0 0
2890 791416 0 0 0
2900 791471 0 0 0
2910 791519 0 0 0
2920 791561 0 0 0
2930 791595 0 0 0
2940 791622 0 0 0
2950 791642 0 0 0
2960 791654 0 0 0
2970 791659 0 0 0
2980 791657 0 0 0
2990 791647 0 0 0
3000 791629 0 0 0
3010 791603 0 0 0
3020 791570 0 0 0
3030 791528 0 0 0
3040 791478 0 0 0
3050 791420 0 0 0
3060 791354 0 0 0
3070 791279 0 0 0
3080 791195 0 0 0
3090 791103 0 0 0
3100 791002 0 0 0
3110 790892 0 0 0
3120 790772 0 0 0
3130 790644 0 0 0
3140 790507 0 0 0
3150 790360 0 0 0
3160 790204 0 0 0
3170 790038 0 0 0
3180 789863 0 0 0
3190 789678 0 0 0
3200 789483 0 0 0
3210 789279 0 0 0
3220 789065 0 0 0
3230 788840 0 0 0
3240 788606 0 0 0
3250 788361 0 0 0
3260 788107 0 0 0
3270 787842 0 0 0
3280 787567 0 0 0
3290 787282 0 0 0
3300 786986 0 0 0
3310 786680 0 0 0
3320 786364 0 0 0
3330 786038 0 0 0
3340 785701 0 0 0
3350 785354 0 0 0
3360 784997 0 0 0
3370 784629 0 0 0
3380 784251 0 0 0
3390 783863 0 0 0
3400 783465 0 0 0
3410 783057 0 0 0
3420 782639 0 0 0
3430 782210 0 0 0
3440 781772 0 0 0
3450 781325 0 0 0
3460 780867 0 0 0
3470 780400 0 0 0
3480 779924 0 0 0
3490 779438 0 0 0
3500 778944 0 0 0
3510 778440 0 0 0
3520 777927 0 0 0
3530 777406 0 0 0
3540 776876 0 0 0
3550 776337 0 0 0
3560 775791 0 0 0
3570 775236 0 0 0
3580 774674 0 0 0
3590 774104 0 0 0
3600 773527 0 0 0
3610 772942 0 0 0
3620 772351 0 0 0
3630 771753 0 0 0
3640 771148 0 0 0
3650 770537 0 0 0
3660 769920 0 0 0
3670 769297 0 0 0
3680 768668 0 0 0
3690 768034 0 0 0
3700 767395 0 0 0
3710 766751 0 0 0
3720 766103 0 0 0
3730 765450 0 0 0
3740 764793 0 0 0
3750 764133 0 0 0
3760 763468 0 0 0
3770 762801 0 0 0
3780 762130 0 0 0
3790 761456 0 0 0
3800 760780 0 0 0
3810 760101 0 0 0
3820 759421 0 0 0
3830 758738 0 0 0
3840 758054 0 0 0
3850 757368 0 0 0
3860 756681 0 0 0
3870 755994 0 0 0
3880 755305 0 0 0
3890 754616 0 0 0
3900 753927 0 0 0
3910 753238 0 0 0
3920 752548 0 0 0
3930 751859 0 0 0
3940 751171 0 0 0
3950 750483 0 0 0
3960 749796 0 0 0
3970 749110 0 0 0
3980 748425 0 0 0
3990 747742 0 0 0
4000 747060 0 0 0
4010 746379 0 0 0
4020 745701 0 0 0
4030 745024 0 0 0
4040 744350 0 0 0
4050 743677 0 0 0
4060 743007 0 0 0
4070 742340 0 0 0
4080 741674 0 0 0
4090 741012 0 0 0
4100 740352 0 0 0
4110 739694 0 0 0
4120 739040 0 0 0
4130 738388 0 0 0
4140 737740 0 0 0
4150 737094 0 0 0
4160 736452 0 0 0
4170 735812 0 0 0
4180 735176 0 0 0
4190 734543 0 0 0
4200 733913 0 0 0
4210 733286 0 0 0
4220 732663 0 0 0
4230 732043 0 0 0
4240 731426 0 0 0
4250 730812 0 0 0
4260 730201 0 0 0
4270 729594 0 0 0
4280 728990 0 0 0
4290 728389 0 0 0
4300 727791 0 0 0
4310 727196 0 0 0
4320 726605 0 0 0
4330 726017 0 0 0
4340 725431 0 0 0
4350 724849 0 0 0
4360 724269 0 0 0
4370 723693 0 0 0
4380 723119 0 0 0
4390 722548 0 0 0
4400 721980 0 0 0
4410 721414 0 0 0
4420 720851 0 0 0
4430 720291 0 0 0
4440 719733 0 0 0
4450 719178 0 0 0
4460 718625 0 0 0
4470 718074 0 0 0
4480 717525 0 0 0
4490 716979 0 0 0
4500 716434 0 0 0
4510 715892 0 0 0
4520 715351 0 0 0
4530 714813 0 0 0
4540 714276 0 0 0
4550 713740 0 0 0
4560 713207 0 0 0
4570 712674 0 0 0
4580 712143 0 0 0
4590 711614 0 0 0
4600 711086 0 0 0
4610 710559 0 0 0
4620 710033 0 0 0
4630 709508 0 0 0
4640 708984 0 0 0
4650 708460 0 0 0
4660 707938 0 0 0
4670 707416 0 0 0
4680 706895 0 0 0
4690 706375 0 0 0
4700 705855 0 0 0
4710 705335 0 0 0
4720 704816 0 0 0
4730 704297 0 0 0
4740 703778 0 0 0
4750 703259 0 0 0
4760 702741 0 0 0
4770 702222 0 0 0
4780 701703 0 0 0
4790 701185 0 0 0
4800 700666 0 0 0
4810 700146 0 0 0
4820 699627 0 0 0
4830 699107 0 0 0
4840 698587 0 0 0
4850 698067 0 0 0
4860 697546 0 0 0
4870 697025 0 0 0
4880 696503 0 0 0
4890 695980 0 0 0
4900 695457 0 0 0
4910 694934 0 0 0
4920 694410 0 0 0
4930 693885 0 0 0
4940 693360 0 0 0
4950 692834 0 0 0
4960 692308 0 0 0
4970 691781 0 0 0
4980 691253 0 0 0
4990 690725 0 0 0
5000 690197 0 0 0
5010 689667 0 0 0
5020 689138 0 0 0
5030 688608 0 0 0
5040 688077 0 0 0
5050 687546 0 0 0
5060 687015 0 0 0
5070 686484 0 0 0
5080 685952 0 0 0
5090 685420 0 0 0
5100 684888 0 0 0
5110 684356 0 0 0
5120 683825 0 0 0
5130 683293 0 0 0
5140 682762 0 0 0
5150 682231 0 0 0
5160 681701 0 0 0
5170 681171 0 0 0
5180 680642 0 0 0
5190 680114 0 0 0
5200 679586 0 0 0
5210 679060 0 0 0
5220 678536 0 0 0
5230 678012 0 0 0
5240 677490 0 0 0
5250 676970 0 0 0
5260 676452 0 0 0
5270 675935 0 0 0
5280 675421 0 0 0
5290 674909 0 0 0
5300 674400 0 0 0
5310 673894 0 0 0
5320 673390 0 0 0
5330 672890 0 0 0
5340 672393 0 0 0
5350 671899 0 0 0
5360 671409 0 0 0
5370 670923 0 0 0
5380 670441 0 0 0
5390 669964 0 0 0
5400 669491 0 0 0
5410 669022 0 0 0
5420 668559 0 0 0
5430 668101 0 0 0
5440 667648 0 0 0
5450 667200 0 0 0
5460 666759 0 0 0
5470 666323 0 0 0
5480 665894 0 0 0
5490 665471 0 0 0
5500 665055 0 0 0
5510 664645 0 0 0
5520 664243 0 0 0
5530 663848 0 0 0
5540 663460 0 0 0
5550 663079 0 0 0
5560 662707 0 0 0
5570 662342 0 0 0
5580 661986 0 0 0
5590 661637 0 0 0
5600 661298 0 0 0
5610 660966 0 0 0
5620 660644 0 0 0
5630 660330 0 0 0
5640 660026 0 0 0
5650 659730 0 0 0
5660 659444 0 0 0
5670 659167 0 0 0
5680 658900 0 0 0
5690 658642 0 0 0
5700 658394 0 0 0
5710 658155 0 0 0
5720 657926 0 0 0
5730 657707 0 0 0
5740 657498 0 0 0
5750 657299 0 0 0
5760 657110 0 0 0
5770 656931 0 0 0
5780 656761 0 0 0
5790 656602 0 0 0
5800 656453 0 0 0
5810 656313 0 0 0
5820 656184 0 0 0
5830 656064 0 0 0
5840 655954 0 0 0
5850 655854 0 0 0
5860 655764 0 0 0
5870 655684 0 0 0
5880 655613 0 0 0
5890 655552 0 0 0
5900 655500 0 0 0
5910 655457 0 0 0
5920 655424 0 0 0
5930 655400 0 0 0
5940 655385 0 0 0
5950 655379 0 0 0
5960 655382 0 0 0
5970 655394 0 0 0
5980 655414 0 0 0
5990 655443 0 0 0
6000 655480 0 0 0
6010 655526 0 0 0
6020 655579 0 0 0
6030 655641 0 0 0
6040 655710 0 0 0
6050 655787 0 0 0
6060 655872 0 0 0
6070 655964 0 0 0
6080 656063 0 0 0
6090 656170 0 0 0
6100 656283 0 0 0
6110 656404 0 0 0
6120 656531 0 0 0
6130 656664 0 0 0
6140 656805 0 0 0
6150 656951 0 0 0
6160 657104 0 0 0
6170 657263 0 0 0
6180 657428 0 0 0
6190 657598 0 0 0
6200 657775 0 0 0
6210 657957 0 0 0
6220 658144 0 0 0
6230 658337 0 0 0
6240 658536 0 0 0
6250 658739 0 0 0
6260 658947 0 0 0
6270 659161 0 0 0
6280 659379 0 0 0
6290 659603 0 0 0
6300 659831 0 0 0
6310 660063 0 0 0
6320 660301 0 0 0
6330 660542 0 0 0
6340 660789 0 0 0
6350 661039 0 0 0
6360 661294 0 0 0
6370 661554 0 0 0
6380 661818 0 0 0
6390 662085 0 0 0
6400 662358 0 0 0
6410 662634 0 0 0
6420 662914 0 0 0
6430 663199 0 0 0
6440 663488 0 0 0
6450 663780 0 0 0
6460 664077 0 0 0
6470 664378 0 0 0
6480 664684 0 0 0
6490 664993 0 0 0
6500 665306 0 0 0
6510 665624 0 0 0
6520 665945 0 0 0
6530 666271 0 0 0
6540 666601 0 0 0
6550 666935 0 0 0
6560 667274 0 0 0
6570 667617 0 0 0
6580 667964 0 0 0
6590 668315 0 0 0
6600 668672 0 0 0
6610 669032 0 0 0
6620 669397 0 0 0
6630 669767 0 0 0
6640 670141 0 0 0
6650 670520 0 0 0
6660 670904 0 0 0
6670 671293 0 0 0
6680 671687 0 0 0
6690 672086 0 0 0
6700 672490 0 0 0
6710 672899 0 0 0
6720 673314 0 0 0
6730 673733 0 0 0
6740 674159 0 0 0
6750 674589 0 0 0
6760 675026 0 0 0
6770 675468 0 0 0
6780 675916 0 0 0
6790 676370 0 0 0
6800 676830 0 0 0
6810 677295 0 0 0
6820 677767 0 0 0
6830 678246 0 0 0
6840 678730 0 0 0
6850 679222 0 0 0
6860 679719 0 0 0
6870 680224 0 0 0
6880 680735 0 0 0
6890 681252 0 0 0
6900 681777 0 0 0
6910 682309 0 0 0
6920 682848 0 0 0
6930 683394 0 0 0
6940 683947 0 0 0
6950 684507 0 0 0
6960 685075 0 0 0
6970 685650 0 0 0
6980 686233 0 0 0
6990 686823 0 0 0
7000 687422 0 0 0
7010 688027 0 0 0
7020 688641 0 0 0
7030 689262 0 0 0
7040 689891 0 0 0
7050 690528 0 0 0
7060 691173 0 0 0
7070 691826 0 0 0
7080 692487 0 0 0
7090 693155 0 0 0
7100 693832 0 0 0
7110 694517 0 0 0
7120 695209 0 0 0
7130 695910 0 0 0
7140 696618 0 0 0
7150 697335 0 0 0
7160 698059 0 0 0
7170 698791 0 0 0
7180 699531 0 0 0
7190 700279 0 0 0
7200 701034 0 0 0
7210 701797 0 0 0
7220 702567 0 0 0
7230 703345 0 0 0
7240 704130 0 0 0
7250 704922 0 0 0
7260 705721 0 0 0
7270 706527 0 0 0
7280 707340 0 0 0
7290 708159 0 0 0
7300 708985 0 0 0
7310 709818 0 0 0
7320 710656 0 0 0
7330 711501 0 0 0
7340 712351 0 0 0
7350 713207 0 0 0
7360 714068 0 0 0
7370 714934 0 0 0
7380 715805 0 0 0
7390 716681 0 0 0
7400 717562 0 0 0
7410 718446 0 0 0
7420 719335 0 0 0
7430 720227 0 0 0
7440 721123 0 0 0
7450 722022 0 0 0
7460 722924 0 0 0
7470 723829 0 0 0
7480 724736 0 0 0
7490 725645 0 0 0
7500 726555 0 0 0
7510 727468 0 0 0
7520 728381 0 0 0
7530 729295 0 0 0
7540 730210 0 0 0
7550 731125 0 0 0
7560 732041 0 0 0
7570 732955 0 0 0
7580 733870 0 0 0
7590 734783 0 0 0
7600 735695 0 0 0
7610 736605 0 0 0
7620 737514 0 0 0
7630 738420 0 0 0
7640 739324 0 0 0
7650 740225 0 0 0
7660 741123 0 0 0
7670 742018 0 0 0
7680 742909 0 0 0
7690 743797 0 0 0
7700 744680 0 0 0
7710 745559 0 0 0
7720 746433 0 0 0
7730 747302 0 0 0
7740 748166 0 0 0
7750 749024 0 0 0
7760 749877 0 0 0
7770 750724 0 0 0
7780 751565 0 0 0
7790 752400 0 0 0
7800 753228 0 0 0
7810 754049 0 0 0
7820 754864 0 0 0
7830 755671 0 0 0
7840 756471 0 0 0
7850 757264 0 0 0
7860 758049 0 0 0
7870 758826 0 0 0
7880 759595 0 0 0
7890 760357 0 0 0
7900 761110 0 0 0
7910 761855 0 0 0
7920 762592 0 0 0
7930 763320 0 0 0
7940 764040 0 0 0
7950 764751 0 0 0
7960 765454 0 0 0
7970 766148 0 0 0
7980 766833 0 0 0
7990 767509 0 0 0
8000 768176 0 0 0
8010 768834 0 0 0
8020 769484 0 0 0
8030 770124 0 0 0
8040 770756 0 0 0
8050 771378 0 0 0
8060 771992 0 0 0
8070 772596 0 0 0
8080 773192 0 0 0
8090 773779 0 0 0
8100 774356 0 0 0
8110 774925 0 0 0
8120 775485 0 0 0
8130 776036 0 0 0
8140 776578 0 0 0
8150 777112 0 0 0
8160 777637 0 0 0
8170 778153 0 0 0
8180 778661 0 0 0
8190 779160 0 0 0
8200 779651 0 0 0
8210 780133 0 0 0
8220 780607 0 0 0
8230 781073 0 0 0
8240 781530 0 0 0
8250 781980 0 0 0
8260 782421 0 0 0
8270 782854 0 0 0
8280 783280 0 0 0
8290 783698 0 0 0
8300 784108 0 0 0
8310 784510 0 0 0
8320 784905 0 0 0
8330 785292 0 0 0
8340 785672 0 0 0
8350 786044 0 0 0
8360 786409 0 0 0
8370 786767 0 0 0
8380 787118 0 0 0
8390 787462 0 0 0
8400 787799 0 0 0
8410 788129 0 0 0
8420 788452 0 0 0
8430 788768 0 0 0
8440 789078 0 0 0
8450 789381 0 0 0
8460 789678 0 0 0
8470 789968 0 0 0
8480 790251 0 0 0
8490 790529 0 0 0
8500 790799 0 0 0
8510 791064 0 0 0
8520 791322 0 0 0
8530 791574 0 0 0
8540 791820 0 0 0
8550 792060 0 0 0
8560 792294 0 0 0
8570 792522 0 0 0
8580 792744 0 0 0
8590 792959 0 0 0
8600 793169 0 0 0
