0 649792 0 0 0
5 649793 0.078573 -0.0685063 0.0814781
10 649796 0.1564 -0.136608 0.161564
15 649801 0.218284 -0.208349 0.235203
20 649808 0.237979 -0.273004 0.292155
25 649817 0.23313 -0.310727 0.301156
30 649828 0.247169 -0.283789 0.322346
35 649841 0.234116 -0.285092 0.323346
40 649856 0.228569 -0.278455 0.330649
45 649873 0.199205 -0.309736 0.299199
50 649891 0.212152 -0.301658 0.302058
55 649912 0.216319 -0.300111 0.29726
60 649934 0.220264 -0.30098 0.288168
65 649958 0.228014 -0.299326 0.282826
70 649984 0.235027 -0.297959 0.276999
75 650012 0.270672 -0.251459 0.319323
80 650042 0.25338 -0.25449 0.318931
85 650073 0.226383 -0.280985 0.291375
90 650107 0.234253 -0.275703 0.292042
95 650142 0.237647 -0.273616 0.288797
100 650178 0.241456 -0.271297 0.285966
105 650217 0.239579 -0.277347 0.274321
110 650257 0.250735 -0.270455 0.273141
115 650299 0.256071 -0.269525 0.267567
120 650342 0.257967 -0.274329 0.255373
125 650388 0.266899 -0.272424 0.249302
130 650434 0.303973 -0.227872 0.291154
135 650483 0.287914 -0.230677 0.290125
140 650533 0.282277 -0.224357 0.298267
145 650585 0.251537 -0.255161 0.265488
150 650638 0.266598 -0.243692 0.269468
155 650693 0.266685 -0.24648 0.261637
160 650749 0.287757 -0.223273 0.282399
165 650807 0.283895 -0.220555 0.28262
170 650867 0.282306 -0.216724 0.28504
175 650928 0.280555 -0.212962 0.287409
180 650990 0.273934 -0.217368 0.281087
185 651054 0.273386 -0.215997 0.279463
190 651120 0.274101 -0.213424 0.278811
195 651187 0.27508 -0.210611 0.27836
200 651255 0.276113 -0.207759 0.277953
205 651325 0.277158 -0.204908 0.277553
210 651396 0.273184 -0.208663 0.26769
215 651469 0.277399 -0.206299 0.264664
220 651543 0.281267 -0.20433 0.261425
225 651619 0.285125 -0.202338 0.258203
230 651695 0.287755 -0.204426 0.249062
235 651774 0.29477 -0.2027 0.243625
240 651853 0.310758 -0.186209 0.258324
245 651934 0.314455 -0.180205 0.263172
250 652017 0.315046 -0.176417 0.265452
255 652100 0.314805 -0.173102 0.267038
260 652185 0.314325 -0.16989 0.268443
265 652271 0.313768 -0.166702 0.269811
270 652359 0.300768 -0.176813 0.255692
275 652448 0.303834 -0.172088 0.253883
280 652538 0.301405 -0.174213 0.248358
285 652629 0.308554 -0.16733 0.25012
290 652722 0.306095 -0.169598 0.244604
295 652816 0.331346 -0.140883 0.275051
300 652911 0.319577 -0.141908 0.276604
305 653007 0.314389 -0.136685 0.28348
310 653105 0.307529 -0.137212 0.283428
315 653204 0.304948 -0.133415 0.286547
320 653304 0.302425 -0.129766 0.28989
325 653405 0.308465 -0.109526 0.316389
330 653508 0.29487 -0.104405 0.329348
335 653611 0.281921 -0.097025 0.34372
340 653716 0.263519 -0.0971398 0.347584
345 653822 0.254379 -0.0899381 0.358872
350 653929 0.216348 -0.125394 0.315467
355 654038 0.237686 -0.112405 0.313817
360 654147 0.245789 -0.114492 0.304717
365 654258 0.262973 -0.0983253 0.320238
370 654370 0.268201 -0.0924104 0.327501
375 654483 0.269426 -0.0887355 0.331649
380 654597 0.269214 -0.0854985 0.334594
385 654712 0.268459 -0.0823187 0.337076
390 654829 0.254908 -0.0920646 0.322673
395 654946 0.25191 -0.0927051 0.315391
400 655065 0.258581 -0.0862199 0.315048
405 655185 0.25673 -0.0884045 0.309398
410 655306 0.264229 -0.0826695 0.310115
415 655428 0.286749 -0.0585745 0.342288
420 655551 0.272899 -0.0585783 0.348352
425 655676 0.2648 -0.0521058 0.358311
430 655801 0.256963 -0.051375 0.361108
435 655928 0.25261 -0.0469684 0.366085
440 656056 0.248499 -0.042637 0.3715
445 656185 0.240687 -0.0463927 0.365759
450 656315 0.238117 -0.0453015 0.363163
455 656446 0.237524 -0.0430726 0.361999
460 656578 0.237721 -0.0406303 0.361493
465 656711 0.238247 -0.0381792 0.361291
470 656846 0.238918 -0.035752 0.361232
475 656981 0.239653 -0.0333463 0.36124
480 657118 0.260824 -0.0065268 0.399162
485 657256 0.240601 -0.00570448 0.409835
490 657395 0.227775 0.0034163 0.425276
495 657535 0.186851 -0.0319656 0.378509
500 657677 0.204586 -0.0203145 0.366948
505 657819 0.215205 -0.0237885 0.355271
510 657963 0.22095 -0.0330309 0.330609
515 658107 0.236429 -0.0354841 0.313346
520 658253 0.259193 -0.0221454 0.324483
525 658400 0.259175 -0.0249027 0.320423
530 658548 0.268022 -0.0201414 0.321883
535 658698 0.26663 -0.0224434 0.316458
540 658848 0.296534 0.00578606 0.355875
545 659000 0.283908 0.00535409 0.367199
550 659153 0.274268 0.0123227 0.37951
555 659307 0.234775 -0.0192783 0.327612
560 659462 0.250575 -0.0126778 0.311998
565 659618 0.26321 -0.0157252 0.297518
570 659776 0.287147 0.00016517 0.31458
575 659935 0.290989 0.00172854 0.3184
580 660095 0.293205 0.0036317 0.320698
585 660256 0.294559 0.00575576 0.322183
590 660419 0.280428 -0.00582655 0.30348
595 660582 0.286551 0.000465546 0.297001
600 660747 0.291538 0.00136151 0.291218
605 660913 0.296631 0.00213366 0.285634
610 661081 0.329937 0.0308437 0.322971
615 661250 0.319669 0.0246414 0.333009
620 661420 0.321007 0.0338347 0.349005
625 661591 0.305572 0.0289537 0.34388
630 661764 0.30764 0.0356425 0.350207
635 661938 0.299064 0.0360277 0.349546
640 662113 0.302023 0.0425981 0.356762
645 662289 0.294232 0.0428346 0.357003
650 662467 0.303584 0.0650286 0.39533
655 662646 0.281954 0.0694811 0.41258
660 662827 0.245087 0.0407366 0.373813
665 663008 0.241893 0.0456109 0.351366
670 663192 0.254922 0.0498221 0.342742
675 663376 0.281668 0.0717748 0.371629
680 663562 0.28404 0.0716727 0.38777
685 663750 0.281457 0.0754224 0.398863
690 663938 0.276879 0.0799362 0.408344
695 664128 0.226752 0.042057 0.336622
700 664320 0.250793 0.0533264 0.314203
705 664513 0.280248 0.0634763 0.324321
710 664707 0.283247 0.0597024 0.317505
715 664903 0.28823 0.0601092 0.3111
720 665101 0.323546 0.0894181 0.351026
725 665300 0.315644 0.0821634 0.367068
730 665500 0.308213 0.0885498 0.380109
735 665702 0.298699 0.0882864 0.381391
740 665905 0.302125 0.0958038 0.390575
745 666110 0.292631 0.0957274 0.392097
750 666317 0.296034 0.103295 0.401395
755 666525 0.286482 0.1033 0.403131
760 666734 0.273771 0.0966706 0.390931
765 666945 0.26786 0.0965377 0.381883
770 667158 0.265423 0.0981726 0.374929
775 667372 0.264926 0.100132 0.369357
780 667588 0.265586 0.102023 0.364694
785 667806 0.266968 0.103775 0.360628
790 668025 0.30278 0.133239 0.408574
795 668246 0.294602 0.131787 0.433268
800 668468 0.283744 0.139782 0.453943
805 668692 0.263545 0.140432 0.456582
810 668918 0.262037 0.149753 0.470478
815 669146 0.207866 0.110969 0.393456
820 669375 0.228581 0.122565 0.357482
825 669606 0.248146 0.114435 0.328361
830 669839 0.280088 0.125611 0.337422
835 670073 0.28485 0.121213 0.331278
840 670309 0.288576 0.115558 0.311051
845 670547 0.298136 0.114596 0.294151
850 670787 0.299256 0.105443 0.260314
855 671029 0.321624 0.106263 0.242075
860 671272 0.344395 0.117424 0.252554
865 671517 0.347674 0.115899 0.251723
870 671764 0.350865 0.116307 0.250383
875 672013 0.353823 0.117463 0.248706
880 672264 0.356555 0.118928 0.246794
885 672517 0.359102 0.120534 0.244717
890 672771 0.402046 0.150021 0.296928
895 673028 0.402239 0.145614 0.325131
900 673286 0.395182 0.150792 0.346881
905 673546 0.339888 0.110382 0.287538
910 673808 0.334357 0.129401 0.249184
915 674072 0.33868 0.128849 0.222593
920 674339 0.35098 0.123758 0.190411
925 674607 0.366566 0.121454 0.161913
930 674877 0.436029 0.173981 0.234174
935 675149 0.450612 0.157423 0.278251
940 675423 0.437766 0.154536 0.290378
945 675699 0.428002 0.159801 0.304012
950 675977 0.418513 0.164685 0.318518
955 676257 0.407554 0.164569 0.321084
960 676539 0.400448 0.168527 0.325723
965 676823 0.394876 0.172564 0.331565
970 677110 0.382023 0.166647 0.321397
975 677398 0.373948 0.166714 0.31319
980 677688 0.36873 0.168775 0.306457
985 677981 0.365375 0.171388 0.300831
990 678275 0.363311 0.174053 0.296038
995 678572 0.399792 0.203961 0.344856
1000 678871 0.39816 0.199946 0.375462
1005 679172 0.391023 0.205296 0.401229
1010 679475 0.335998 0.165934 0.343112
1015 679780 0.322772 0.185615 0.297347
1020 680087 0.321379 0.186709 0.26359
1025 680396 0.328421 0.181709 0.222057
1030 680708 0.342818 0.178616 0.186072
1035 681022 0.41453 0.231691 0.260283
1040 681338 0.438345 0.213406 0.315346
1045 681656 0.443516 0.215442 0.354764
1050 681976 0.394858 0.180371 0.307568
1055 682298 0.368505 0.186166 0.266288
1060 682623 0.363765 0.198193 0.236811
1065 682950 0.389089 0.218875 0.26012
1070 683279 0.406357 0.22716 0.280702
1075 683610 0.418564 0.230818 0.298893
1080 683943 0.419346 0.224365 0.311747
1085 684279 0.409847 0.217908 0.305175
1090 684617 0.403592 0.217294 0.299558
1095 684956 0.399264 0.218905 0.294708
1100 685299 0.396207 0.221308 0.290473
1105 685643 0.394052 0.223939 0.286733
1110 685989 0.392575 0.226584 0.283388
1115 686338 0.391624 0.229169 0.28036
1120 686689 0.370919 0.216062 0.253298
1125 687042 0.367098 0.225395 0.231669
1130 687397 0.365526 0.228336 0.212567
1135 687755 0.366203 0.229816 0.195087
1140 688114 0.365283 0.227382 0.162624
1145 688476 0.369645 0.226893 0.133114
1150 688840 0.390065 0.229418 0.112916
1155 689206 0.391544 0.219918 0.069466
1160 689574 0.469633 0.277869 0.147115
1165 689945 0.514749 0.261229 0.211924
1170 690317 0.537007 0.260277 0.260302
1175 690692 0.529094 0.253656 0.279546
1180 691069 0.521497 0.257159 0.298797
1185 691448 0.453886 0.211136 0.230773
1190 691829 0.41623 0.233563 0.169184
1195 692212 0.395486 0.239526 0.1181
1200 692597 0.479734 0.306354 0.20433
1205 692985 0.519945 0.288489 0.273943
1210 693374 0.52646 0.27702 0.321922
1215 693766 0.509528 0.274704 0.344427
1220 694159 0.495047 0.280584 0.368831
1225 694555 0.439013 0.242956 0.313411
1230 694953 0.404349 0.264392 0.259924
1235 695352 0.36696 0.262381 0.190589
1240 695754 0.359397 0.271539 0.133617
1245 696157 0.375607 0.28246 0.131133
1250 696563 0.375683 0.27913 0.122801
1255 696970 0.38852 0.285027 0.11959
1260 697379 0.387527 0.281226 0.110828
1265 697791 0.398682 0.286974 0.106842
1270 698204 0.45075 0.323493 0.158574
1275 698619 0.489446 0.321073 0.207339
1280 699036 0.511263 0.309859 0.247038
1285 699454 0.449712 0.261307 0.18334
1290 699875 0.416523 0.278601 0.124505
1295 700297 0.393943 0.282017 0.0715437
1300 700721 0.416154 0.30272 0.0791106
1305 701147 0.424321 0.305688 0.0822889
1310 701574 0.431548 0.307961 0.0850863
1315 702003 0.437988 0.30993 0.0875239
1320 702434 0.443751 0.311781 0.0896343
1325 702866 0.504641 0.354519 0.152785
1330 703300 0.542402 0.335595 0.207792
1335 703736 0.568783 0.33298 0.254527
1340 704173 0.56739 0.32386 0.273992
1345 704612 0.576766 0.330623 0.298293
1350 705052 0.570473 0.325772 0.315195
1355 705494 0.569725 0.3282 0.321695
1360 705937 0.568965 0.330502 0.328237
1365 706381 0.568206 0.332737 0.334824
1370 706827 0.567453 0.334935 0.341459
1375 707274 0.566711 0.337108 0.348141
1380 707722 0.543807 0.32297 0.330558
1385 708172 0.525042 0.318513 0.314393
1390 708623 0.509036 0.318768 0.299098
1395 709075 0.495018 0.321307 0.2844
1400 709529 0.482527 0.324888 0.270151
1405 709983 0.471262 0.328864 0.256261
1410 710439 0.442594 0.331503 0.218041
1415 710896 0.418739 0.336154 0.180799
1420 711353 0.398282 0.340184 0.144354
1425 711812 0.380437 0.342984 0.108596
1430 712272 0.412046 0.374798 0.135377
1435 712732 0.439065 0.392038 0.162363
1440 713194 0.462704 0.400941 0.18881
1445 713656 0.481419 0.393042 0.214737
1450 714120 0.501652 0.401079 0.239352
1455 714584 0.497899 0.388926 0.239343
1460 715048 0.495627 0.383581 0.239363
1465 715514 0.494157 0.381734 0.239415
1470 715980 0.493144 0.381739 0.239498
1475 716447 0.492407 0.382741 0.23961
1480 716914 0.491844 0.384285 0.239748
1485 717382 0.468572 0.368459 0.214952
1490 717850 0.44806 0.360764 0.190214
1495 718319 0.433645 0.371774 0.165277
1500 718788 0.415071 0.365409 0.140639
1505 719258 0.403609 0.376861 0.115826
1510 719728 0.371039 0.367659 0.0671772
1515 720198 0.348799 0.37595 0.0182573
1520 720668 0.319369 0.364705 -0.0303213
1525 721139 0.341683 0.390613 -0.015506
1530 721610 0.362139 0.407758 0.000463475
1535 722081 0.381059 0.419038 0.0169156
1540 722552 0.398718 0.426607 0.0334387
1545 723023 0.41532 0.431884 0.0498082
1550 723494 0.431013 0.435744 0.0659132
1555 723965 0.502634 0.464201 0.145331
1560 724436 0.560318 0.451217 0.219475
1565 724907 0.610645 0.443303 0.286835
1570 725378 0.570226 0.40142 0.249439
1575 725848 0.534371 0.37796 0.213271
1580 726319 0.502706 0.380261 0.176775
1585 726789 0.472992 0.384146 0.139838
1590 727259 0.425108 0.386571 0.0763086
1595 727728 0.379736 0.387295 0.0113841
1600 728197 0.336001 0.384243 -0.0545263
1605 728666 0.344106 0.400836 -0.0525323
1610 729134 0.351586 0.412919 -0.0497678
1615 729601 0.358541 0.421739 -0.0465034
1620 730068 0.365054 0.42829 -0.0429376
1625 730534 0.43153 0.482484 0.0244568
1630 731000 0.491683 0.480741 0.0950076
1635 731465 0.546621 0.47946 0.160722
1640 731929 0.577703 0.477142 0.199001
1645 732393 0.606968 0.474467 0.235615
1650 732855 0.634515 0.471073 0.270595
1655 733317 0.655148 0.454824 0.301621
1660 733778 0.581598 0.389397 0.229027
1665 734238 0.515321 0.380232 0.156577
1670 734697 0.453582 0.394629 0.0797726
1675 735155 0.531452 0.475532 0.157314
1680 735613 0.599457 0.508175 0.23292
1685 736069 0.649509 0.484723 0.298991
1690 736523 0.681071 0.470233 0.340966
1695 736977 0.695458 0.461412 0.36153
1700 737430 0.709928 0.455527 0.38179
1705 737881 0.72416 0.450635 0.401526
1710 738331 0.738058 0.446004 0.420645
1715 738780 0.735263 0.436872 0.42025
1720 739228 0.733366 0.43098 0.420571
1725 739674 0.7321 0.427194 0.421378
1730 740119 0.731298 0.424808 0.422527
1735 740562 0.730848 0.423369 0.423922
1740 741005 0.730673 0.422577 0.425499
1745 741445 0.783224 0.456465 0.481942
1750 741884 0.812557 0.432429 0.517067
1755 742322 0.828739 0.415445 0.536254
1760 742758 0.846106 0.403524 0.555509
1765 743192 0.863731 0.393004 0.573802
1770 743625 0.866266 0.380934 0.576641
1775 744056 0.876051 0.38377 0.586438
1780 744486 0.885373 0.384974 0.595444
1785 744914 0.888247 0.37224 0.597367
1790 745340 0.875439 0.355159 0.5845
1795 745765 0.864406 0.342557 0.573735
1800 746187 0.854619 0.332908 0.564376
1805 746609 0.845739 0.325251 0.555981
1810 747028 0.837531 0.318946 0.548254
1815 747445 0.889507 0.368572 0.600184
1820 747861 0.929846 0.388232 0.637234
1825 748274 0.951681 0.361888 0.647632
1830 748686 0.892245 0.299365 0.587488
1835 749096 0.836333 0.244231 0.531564
1840 749504 0.780174 0.184919 0.474561
1845 749910 0.720295 0.109399 0.412574
1850 750315 0.642587 0.0258646 0.333241
1855 750717 0.561097 -0.0595921 0.252549
1860 751118 0.494633 -0.139664 0.194335
1865 751518 0.430213 -0.21933 0.163701
1870 751917 0.380295 -0.292231 0.201283
1875 752314 0.321957 -0.367323 0.239588
1880 752711 0.255525 -0.449404 0.276062
1885 753107 0.18546 -0.531341 0.310397
1890 753502 0.115242 -0.612651 0.358714
1895 753896 0.0451304 -0.692376 0.406462
1900 754289 -0.0289462 -0.774427 0.449938
1905 754681 -0.100835 -0.853333 0.500854
1910 755072 -0.169628 -0.933472 0.545456
1915 755461 -0.190639 -1.00632 0.575208
1920 755848 -0.19866 -1.04537 0.580947
1925 756233 -0.193276 -1.03955 0.583572
1930 756615 -0.19209 -1.03567 0.581045
1935 756995 -0.194936 -1.03776 0.574502
1940 757373 -0.191991 -1.0332 0.57306
1945 757749 -0.179191 -1.01658 0.582663
1950 758122 -0.179663 -1.01265 0.579238
1955 758493 -0.178403 -1.00817 0.578024
1960 758862 -0.177348 -1.00388 0.576583
1965 759228 -0.181999 -1.00753 0.569645
1970 759592 -0.179624 -1.00333 0.568964
1975 759954 -0.178119 -0.999353 0.567097
1980 760313 -0.17868 -0.996855 0.561741
1985 760670 -0.176092 -0.992771 0.56014
1990 761025 -0.163171 -0.975488 0.569924
1995 761377 -0.162838 -0.973151 0.568951
2000 761727 -0.161714 -0.969359 0.568376
2005 762074 -0.160931 -0.9654 0.567202
2010 762419 -0.159971 -0.961229 0.566164
2015 762762 -0.145608 -0.934582 0.576643
2020 763102 -0.151442 -0.934909 0.572004
2025 763440 -0.151546 -0.929602 0.57288
2030 763776 -0.174955 -0.956405 0.549379
2035 764109 -0.166338 -0.946314 0.553372
2040 764439 -0.152218 -0.93014 0.56598
2045 764768 -0.154828 -0.925202 0.55997
2050 765094 -0.155609 -0.921694 0.557433
2055 765418 -0.154321 -0.917151 0.557393
2060 765739 -0.15402 -0.913137 0.556187
2065 766058 -0.153248 -0.908899 0.555558
2070 766374 -0.156841 -0.911865 0.550678
2075 766688 -0.154957 -0.907902 0.550065
2080 767000 -0.153634 -0.90412 0.5487
2085 767310 -0.152236 -0.900316 0.547413
2090 767617 -0.136589 -0.876554 0.560959
2095 767922 -0.14218 -0.876428 0.556599
2100 768224 -0.161335 -0.899404 0.53593
2105 768524 -0.155114 -0.893242 0.536722
2110 768822 -0.15259 -0.890482 0.533918
2115 769118 -0.123809 -0.849661 0.560872
2120 769411 -0.132024 -0.847986 0.558629
2125 769702 -0.15344 -0.872199 0.538231
2130 769990 -0.149436 -0.867455 0.539015
2135 770276 -0.147721 -0.864125 0.53718
2140 770560 -0.131252 -0.840386 0.551228
2145 770842 -0.133622 -0.836657 0.549116
2150 771122 -0.134024 -0.832203 0.54957
2155 771399 -0.134685 -0.82783 0.549765
2160 771674 -0.141076 -0.831919 0.543649
2165 771946 -0.141891 -0.828283 0.541229
2170 772217 -0.140661 -0.823974 0.541461
2175 772485 -0.140449 -0.820206 0.54051
2180 772751 -0.128515 -0.800212 0.554921
2185 773015 -0.133516 -0.796647 0.554688
2190 773276 -0.136255 -0.791126 0.556892
2195 773536 -0.143294 -0.792354 0.553572
2200 773793 -0.141189 -0.783194 0.557487
2205 774048 -0.148405 -0.786564 0.552058
2210 774301 -0.14801 -0.782095 0.553055
2215 774552 -0.148449 -0.777964 0.553069
2220 774801 -0.155642 -0.78259 0.544968
2225 775047 -0.150973 -0.778731 0.549271
2230 775292 -0.151699 -0.776357 0.546403
2235 775534 -0.149734 -0.772571 0.54667
2240 775775 -0.149038 -0.769284 0.545343
2245 776013 -0.147722 -0.765724 0.544768
2250 776249 -0.133764 -0.73993 0.558633
2255 776483 -0.142756 -0.740593 0.556062
2260 776715 -0.14522 -0.734495 0.558953
2265 776945 -0.168055 -0.761519 0.534647
2270 777173 -0.157562 -0.752958 0.537568
2275 777399 -0.154497 -0.751649 0.533971
2280 777623 -0.139358 -0.734436 0.547317
2285 777845 -0.141679 -0.730518 0.543267
2290 778065 -0.141161 -0.726671 0.543523
2295 778283 -0.145054 -0.732488 0.539292
2300 778499 -0.143884 -0.728044 0.535898
2305 778714 -0.141828 -0.725054 0.534789
2310 778926 -0.139901 -0.722092 0.533496
2315 779136 -0.143055 -0.726873 0.525973
2320 779345 -0.138933 -0.724103 0.524521
2325 779552 -0.135627 -0.721827 0.522183
2330 779756 -0.120304 -0.700168 0.534873
2335 779959 -0.121767 -0.696609 0.534596
2340 780160 -0.122412 -0.692514 0.535235
2345 780359 -0.123182 -0.688455 0.535773
2350 780556 -0.142095 -0.714691 0.511134
2355 780752 -0.131982 -0.710128 0.510276
2360 780946 -0.118599 -0.696907 0.517696
2365 781138 -0.117164 -0.695147 0.514639
2370 781328 -0.114344 -0.692534 0.513101
2375 781516 -0.111693 -0.690015 0.511371
2380 781703 -0.114038 -0.69505 0.503471
2385 781887 -0.106238 -0.68858 0.503425
2390 782070 -0.0921985 -0.672169 0.51583
2395 782252 -0.0943402 -0.668804 0.512836
2400 782431 -0.0940026 -0.665148 0.513291
2405 782609 -0.0939999 -0.661569 0.51333
2410 782785 -0.0980394 -0.666993 0.508823
2415 782960 -0.0963237 -0.662536 0.506483
2420 783132 -0.0944427 -0.659808 0.505475
2425 783304 -0.092605 -0.657014 0.504354
2430 783473 -0.0956928 -0.661962 0.496859
2435 783641 -0.0914104 -0.659305 0.495471
2440 783807 -0.0880503 -0.65727 0.493141
2445 783971 -0.0734681 -0.635903 0.505398
2450 784134 -0.0753359 -0.633242 0.505721
2455 784295 -0.076216 -0.62919 0.50666
2460 784455 -0.0772514 -0.625229 0.507502
2465 784613 -0.0958324 -0.651244 0.482576
2470 784770 -0.0855666 -0.646865 0.481318
2475 784924 -0.0797716 -0.646592 0.476492
2480 785078 -0.0647436 -0.632379 0.485777
2485 785229 -0.0637898 -0.63105 0.482482
2490 785379 -0.0658904 -0.636159 0.474799
2495 785528 -0.0609249 -0.633792 0.47295
2500 785675 -0.0569165 -0.63208 0.470164
2505 785821 -0.0528058 -0.630285 0.467538
2510 785965 -0.0506873 -0.631426 0.46034
2515 786107 -0.0447806 -0.629861 0.457228
2520 786248 -0.0136871 -0.587346 0.489939
2525 786387 -0.0269407 -0.589738 0.487922
2530 786525 -0.0314233 -0.582842 0.493022
2535 786661 -0.0540228 -0.609586 0.47068
2540 786796 -0.0472988 -0.603328 0.470534
2545 786930 -0.0442356 -0.601721 0.467937
2550 787062 -0.0289068 -0.580125 0.48207
2555 787192 -0.0326993 -0.577692 0.480909
2560 787321 -0.0337855 -0.573515 0.482571
2565 787448 -0.0353168 -0.569488 0.483796
2570 787574 -0.0425164 -0.573 0.47631
2575 787699 -0.0391727 -0.569921 0.479677
2580 787822 -0.0394335 -0.567263 0.478229
2585 787944 -0.0382886 -0.56409 0.478447
2590 788064 -0.0376531 -0.561046 0.47803
2595 788182 -0.0368281 -0.557946 0.477847
2600 788300 -0.0400263 -0.562035 0.471474
2605 788415 -0.0363274 -0.559206 0.470662
2610 788530 -0.0336519 -0.557065 0.468825
2615 788643 -0.035224 -0.562377 0.460908
2620 788754 -0.0296308 -0.560269 0.458814
2625 788864 -0.0251469 -0.558882 0.455658
2630 788973 -0.0205297 -0.557386 0.452707
2635 789080 -0.0203207 -0.563016 0.44387
2640 789186 -0.0133376 -0.561469 0.440703
2645 789290 -0.00748075 -0.560585 0.436521
2650 789393 0.0096702 -0.541226 0.447767
2655 789495 0.0093013 -0.542023 0.446037
2660 789595 0.0114066 -0.539683 0.445959
2665 789693 0.0128654 -0.537124 0.444868
2670 789791 0.0145796 -0.534433 0.444048
2675 789886 0.0116226 -0.536456 0.435077
2680 789981 0.0161969 -0.533995 0.434038
2685 790074 0.0195271 -0.532093 0.431621
2690 790165 0.0230497 -0.530102 0.429448
2695 790255 0.0373283 -0.509183 0.443057
2700 790344 0.0331851 -0.506905 0.442101
2705 790431 0.0319803 -0.502708 0.444133
2710 790517 0.0255111 -0.505428 0.43773
2715 790601 0.0279544 -0.502497 0.440243
2720 790684 0.0279688 -0.499613 0.439522
2725 790765 0.0287533 -0.496457 0.439692
2730 790845 0.0293154 -0.493339 0.43959
2735 790924 0.0299438 -0.490201 0.439572
2740 791001 0.0404206 -0.467418 0.455996
2745 791076 0.0318336 -0.463144 0.458156
2750 791150 0.0261849 -0.457012 0.463639
2755 791223 0.019771 -0.450892 0.468676
2760 791294 0.00981406 -0.452744 0.467371
2765 791364 0.00720399 -0.447038 0.471564
2770 791432 0.00325681 -0.441992 0.474629
2775 791498 -0.0167762 -0.471956 0.448567
2780 791564 -0.00429232 -0.468828 0.447667
2785 791627 0.00264254 -0.469113 0.441457
2790 791690 0.0330706 -0.422185 0.475526
2795 791750 0.0178827 -0.418482 0.47633
2800 791809 0.00996016 -0.410616 0.484903
2805 791867 0.000349173 -0.402804 0.492261
2810 791923 -0.0123779 -0.403069 0.49326
2815 791978 -0.0177263 -0.395857 0.499638
2820 792031 -0.0245228 -0.389172 0.504965
2825 792082 -0.0343594 -0.391075 0.503269
2830 792132 -0.0362265 -0.385331 0.507191
2835 792180 -0.0395046 -0.380301 0.509893
2840 792227 -0.0568067 -0.411473 0.481915
2845 792272 -0.0408871 -0.410397 0.478693
2850 792315 -0.0307964 -0.412483 0.470107
2855 792357 -0.0199535 -0.413932 0.462724
2860 792398 0.0111675 -0.367377 0.496337
2865 792436 -0.00409362 -0.363332 0.497557
2870 792473 -0.0119287 -0.355009 0.506293
2875 792509 -0.0348596 -0.384796 0.480902
2880 792543 -0.0227311 -0.381415 0.480882
2885 792575 -0.0166644 -0.381621 0.47523
2890 792605 -0.0129914 -0.38891 0.464119
2895 792634 -0.00240373 -0.38917 0.458309
2900 792661 0.0068135 -0.390018 0.451445
2905 792686 0.0160751 -0.390628 0.444902
2910 792710 0.0341964 -0.371469 0.455634
2915 792732 0.0327237 -0.371898 0.452406
2920 792752 0.0349171 -0.369425 0.452204
2925 792770 0.0366782 -0.366762 0.451337
2930 792787 0.0385199 -0.364028 0.450527
2935 792802 0.0376909 -0.367107 0.442392
2940 792815 0.043615 -0.365169 0.440139
2945 792826 0.0483203 -0.363811 0.436713
2950 792836 0.0617691 -0.342635 0.451358
2955 792843 0.0559218 -0.33939 0.452029
2960 792849 0.0532636 -0.334191 0.45575
2965 792853 0.0499778 -0.329157 0.45897
2970 792855 0.0317566 -0.359701 0.429601
2975 792855 0.0474619 -0.357758 0.426067
2980 792854 0.0572418 -0.359123 0.417318
2985 792850 0.077158 -0.340431 0.427447
2990 792845 0.0775908 -0.340052 0.42291
2995 792837 0.081352 -0.337596 0.421425
3000 792828 0.0932848 -0.315431 0.438092
3005 792817 0.0855053 -0.311311 0.440613
3010 792804 0.0807665 -0.305229 0.446126
3015 792789 0.0753668 -0.299237 0.451264
3020 792772 0.0666447 -0.301414 0.448647
3025 792752 0.0660005 -0.296241 0.451896
3030 792731 0.06402 -0.291822 0.454039
3035 792708 0.0589172 -0.295731 0.448561
3040 792683 0.0609424 -0.293565 0.448391
3045 792656 0.0627811 -0.29085 0.447687
3050 792626 0.0646435 -0.288024 0.446946
3055 792595 0.0665116 -0.285178 0.446197
3060 792562 0.068384 -0.282326 0.445446
3065 792526 0.0679395 -0.28561 0.436932
3070 792488 0.0743335 -0.283801 0.434014
3075 792448 0.0796038 -0.28257 0.43012
3080 792407 0.0850152 -0.28122 0.426402
3085 792362 0.0868319 -0.287497 0.414957
3090 792316 0.0963377 -0.286719 0.409439
3095 792268 0.104517 -0.286617 0.402944
3100 792217 0.111522 -0.290331 0.389909
3105 792164 0.12343 -0.290705 0.38176
3110 792109 0.141437 -0.276004 0.391421
3115 792052 0.142419 -0.275032 0.387434
3120 791992 0.145988 -0.272431 0.385726
3125 791931 0.149165 -0.270029 0.383655
3130 791867 0.148493 -0.275167 0.37367
3135 791800 0.155728 -0.273135 0.369839
3140 791732 0.161732 -0.271863 0.365037
3145 791661 0.16355 -0.278193 0.352213
3150 791588 0.176425 -0.273236 0.347823
3155 791512 0.18454 -0.273339 0.340366
3160 791434 0.216426 -0.229399 0.382081
3165 791354 0.197922 -0.230519 0.384725
3170 791272 0.184524 -0.228966 0.387255
3175 791187 0.178012 -0.221673 0.395654
3180 791100 0.170108 -0.215025 0.403453
3185 791010 0.147325 -0.241366 0.372972
3190 790918 0.159689 -0.237847 0.369387
3195 790824 0.167454 -0.237653 0.362299
3200 790727 0.175554 -0.240473 0.350225
3205 790627 0.187096 -0.240395 0.34143
3210 790526 0.204695 -0.22565 0.350868
3215 790422 0.205972 -0.224434 0.347515
3220 790315 0.209208 -0.221636 0.34571
3225 790206 0.223827 -0.199184 0.367157
3230 790095 0.216153 -0.195164 0.371964
3235 789981 0.210535 -0.189123 0.378646
3240 789865 0.204524 -0.183149 0.385389
3245 789746 0.193896 -0.184985 0.382583
3250 789625 0.192197 -0.179555 0.38653
3255 789501 0.1896 -0.17488 0.389965
3260 789375 0.183951 -0.177722 0.384841
3265 789246 0.184273 -0.175166 0.383861
3270 789115 0.185437 -0.171982 0.383516
3275 788981 0.186726 -0.168734 0.383279
3280 788845 0.188038 -0.165483 0.383062
3285 788706 0.189355 -0.162233 0.38285
3290 788565 0.186463 -0.165863 0.372195
3295 788421 0.192371 -0.163452 0.368442
3300 788275 0.197574 -0.161785 0.364301
3305 788126 0.2028 -0.16001 0.360197
3310 787975 0.202909 -0.166108 0.345562
3315 787821 0.217331 -0.16179 0.342217
3320 787665 0.232839 -0.145885 0.356338
3325 787506 0.235381 -0.140627 0.36102
3330 787345 0.235413 -0.136574 0.363616
3335 787181 0.234893 -0.132599 0.365724
3340 787014 0.234234 -0.128602 0.367732
3345 786846 0.233529 -0.124587 0.369736
3350 786674 0.232802 -0.120559 0.371762
3355 786500 0.234145 -0.1012 0.393736
3360 786324 0.220381 -0.0944048 0.406622
3365 786145 0.207786 -0.0851887 0.421052
3370 785964 0.176747 -0.113128 0.386255
3375 785780 0.188368 -0.105774 0.379895
3380 785594 0.196049 -0.105766 0.372761
3385 785405 0.205206 -0.109986 0.359235
3390 785214 0.217683 -0.110375 0.348113
3395 785021 0.236927 -0.0944417 0.361466
3400 784825 0.237754 -0.0930878 0.361969
3405 784626 0.23888 -0.0901736 0.362204
3410 784425 0.240004 -0.0869569 0.362331
3415 784222 0.24111 -0.0836794 0.362419
3420 784016 0.242206 -0.0803906 0.362495
3425 783808 0.259111 -0.0554986 0.395067
3430 783598 0.239725 -0.0533295 0.40207
3435 783385 0.229139 -0.0441082 0.415893
3440 783170 0.198551 -0.0704246 0.37553
3445 782952 0.215497 -0.0641401 0.368283
3450 782732 0.233261 -0.048127 0.38499
3455 782510 0.237979 -0.0428124 0.39336
3460 782286 0.238782 -0.0387916 0.398594
3465 782059 0.231878 -0.037304 0.397652
3470 781830 0.234911 -0.0306409 0.404098
3475 781599 0.235008 -0.0261613 0.408701
3480 781365 0.221771 -0.0343655 0.394359
3485 781129 0.219647 -0.0331166 0.386722
3490 780891 0.226536 -0.0264013 0.385347
3495 780651 0.225535 -0.0276505 0.379688
3500 780409 0.23348 -0.0219352 0.379662
3505 780164 0.254923 0.000674972 0.414372
3510 779918 0.239396 0.00281681 0.42381
3515 779669 0.229715 0.0116394 0.436838
3520 779418 0.220889 0.0135667 0.44154
3525 779166 0.215951 0.0197559 0.448289
3530 778911 0.211158 0.0256155 0.455546
3535 778654 0.182567 -0.00259005 0.397459
3540 778395 0.201278 -0.00248462 0.373385
3545 778134 0.234146 0.0105383 0.386392
3550 777871 0.236048 0.007359 0.378147
3555 777606 0.241847 0.00885736 0.371729
3560 777340 0.272017 0.0354456 0.407765
3565 777071 0.257244 0.0311211 0.415867
3570 776801 0.257066 0.0411836 0.432035
3575 776528 0.242653 0.0388128 0.428147
3580 776254 0.245224 0.0463727 0.435227
3585 775978 0.23739 0.0485143 0.435565
3590 775701 0.240462 0.0556524 0.443354
3595 775421 0.233049 0.0575596 0.444373
3600 775140 0.238674 0.0806619 0.482565
3605 774858 0.221253 0.0899938 0.508723
3610 774573 0.184828 0.0632099 0.469519
3615 774287 0.185825 0.0707189 0.447186
3620 773999 0.192439 0.0707378 0.432758
3625 773710 0.201295 0.069934 0.420765
3630 773419 0.230515 0.0928252 0.451738
3635 773127 0.232567 0.0923783 0.469557
3640 772833 0.229716 0.0974839 0.481579
3645 772538 0.224861 0.103384 0.491983
3650 772241 0.181826 0.0703844 0.420712
3655 771943 0.202213 0.0767626 0.389067
3660 771644 0.262583 0.124054 0.457062
3665 771343 0.250277 0.11267 0.489146
3670 771041 0.237164 0.124987 0.513451
3675 770737 0.215894 0.128858 0.520923
3680 770433 0.213862 0.140463 0.540856
3685 770127 0.19597 0.146868 0.551475
3690 769820 0.156396 0.118149 0.486952
3695 769511 0.175566 0.123571 0.45372
3700 769202 0.201787 0.134447 0.464645
3705 768891 0.204819 0.13197 0.46316
3710 768580 0.208606 0.132281 0.461171
3715 768267 0.212398 0.133397 0.458881
3720 767954 0.216066 0.134778 0.456401
3725 767639 0.219616 0.136263 0.453798
3730 767323 0.252242 0.161654 0.502215
3735 767007 0.241217 0.16172 0.528179
3740 766690 0.229423 0.172271 0.550792
3745 766371 0.186934 0.145169 0.492044
3750 766052 0.197532 0.15272 0.458512
3755 765732 0.214363 0.141095 0.422106
3760 765412 0.23437 0.134142 0.389967
3765 765090 0.265507 0.144522 0.397293
3770 764768 0.270143 0.140321 0.390256
3775 764446 0.276374 0.140701 0.38302
3780 764122 0.27176 0.132894 0.356423
3785 763798 0.289475 0.136438 0.342823
3790 763473 0.301974 0.133795 0.327784
3795 763148 0.326841 0.151303 0.350932
3800 762823 0.340257 0.156245 0.369101
3805 762496 0.34193 0.152588 0.38108
3810 762170 0.358497 0.170763 0.432364
3815 761843 0.338616 0.174909 0.460578
3820 761515 0.321184 0.180056 0.480239
3825 761187 0.306826 0.18966 0.50203
3830 760859 0.284643 0.192067 0.505678
3835 760530 0.282319 0.201941 0.520938
3840 760201 0.276499 0.207896 0.535465
3845 759872 0.268779 0.20721 0.534915
3850 759543 0.264328 0.210108 0.535385
3855 759213 0.261379 0.213844 0.5366
3860 758883 0.25925 0.217657 0.538362
3865 758553 0.257636 0.221362 0.540527
3870 758223 0.25637 0.224937 0.542992
3875 757893 0.265599 0.246344 0.590058
3880 757562 0.252764 0.254702 0.629041
3885 757232 0.235917 0.268104 0.665651
3890 756901 0.191883 0.237021 0.617816
3895 756570 0.188963 0.253712 0.57663
3900 756240 0.183929 0.248842 0.542599
3905 755909 0.190346 0.243517 0.496595
3910 755579 0.213692 0.237764 0.463813
3915 755248 0.238581 0.24659 0.472033
3920 754918 0.243342 0.244019 0.471684
3925 754588 0.248177 0.243355 0.470749
3930 754257 0.25272 0.24346 0.469385
3935 753928 0.251431 0.236831 0.449019
3940 753598 0.256013 0.236179 0.430496
3945 753268 0.262281 0.235279 0.413272
3950 752939 0.269952 0.229523 0.381714
3955 752610 0.281875 0.226249 0.352697
3960 752281 0.294964 0.22255 0.325261
3965 751952 0.310396 0.213638 0.285446
3970 751624 0.327525 0.208961 0.247962
3975 751296 0.401257 0.248381 0.326196
3980 750969 0.423814 0.234609 0.382027
3985 750641 0.380224 0.20082 0.337268
3990 750314 0.362525 0.209402 0.299621
3995 749988 0.363749 0.219824 0.272707
4000 749662 0.390352 0.239285 0.297298
4005 749336 0.408062 0.24518 0.318982
4010 749011 0.415774 0.238428 0.336754
4015 748687 0.426906 0.244954 0.354202
4020 748362 0.425165 0.240064 0.365838
4025 748039 0.446853 0.255218 0.423209
4030 747715 0.432001 0.253255 0.460932
4035 747393 0.406802 0.256793 0.479062
4040 747070 0.398495 0.266732 0.508714
4045 746749 0.344015 0.229671 0.451186
4050 746428 0.326545 0.254625 0.399734
4055 746107 0.318429 0.258961 0.357779
4060 745787 0.337509 0.274854 0.371166
4065 745468 0.350171 0.280329 0.38338
4070 745149 0.359366 0.282183 0.394436
4075 744831 0.3664 0.282975 0.404483
4080 744513 0.371909 0.283603 0.413687
4085 744196 0.400659 0.294253 0.474726
4090 743880 0.404541 0.292629 0.524175
4095 743564 0.386415 0.294663 0.561116
4100 743249 0.341962 0.264673 0.516118
4105 742935 0.323549 0.285286 0.472805
4110 742621 0.345294 0.308573 0.495017
4115 742308 0.35765 0.317235 0.515772
4120 741996 0.355666 0.311823 0.532299
4125 741684 0.354812 0.313443 0.547834
4130 741373 0.352922 0.316266 0.562665
4135 741063 0.368226 0.334452 0.627847
4140 740754 0.349869 0.336034 0.679359
4145 740445 0.313355 0.311359 0.647052
4150 740137 0.29389 0.31761 0.614876
4155 739829 0.283169 0.325315 0.586304
4160 739523 0.269919 0.329221 0.537516
4165 739217 0.266118 0.332223 0.493305
4170 738912 0.254343 0.324371 0.428616
4175 738607 0.266878 0.326751 0.37304
4180 738303 0.287311 0.334177 0.370256
4185 738000 0.288877 0.329027 0.36169
4190 737698 0.304274 0.331446 0.358032
4195 737397 0.304559 0.326195 0.348973
4200 737096 0.30158 0.318857 0.320204
4205 736796 0.31568 0.322382 0.297331
4210 736497 0.326326 0.319059 0.274868
4215 736198 0.3201 0.307827 0.227279
4220 735901 0.335059 0.309127 0.187669
4225 735604 0.421419 0.355225 0.274895
4230 735307 0.47362 0.337737 0.358775
4235 735012 0.489293 0.320803 0.406074
4240 734717 0.497867 0.318151 0.447391
4245 734424 0.498794 0.3172 0.484487
4250 734130 0.44351 0.27774 0.430176
4255 733838 0.410726 0.301052 0.377517
4260 733546 0.387445 0.311738 0.329755
4265 733255 0.404668 0.331056 0.343044
4270 732965 0.416924 0.339345 0.3558
4275 732676 0.426329 0.342684 0.36795
4280 732387 0.433954 0.343949 0.379522
4285 732099 0.440336 0.344412 0.390573
4290 731812 0.474295 0.350991 0.454603
4295 731525 0.488615 0.34448 0.509599
4300 731240 0.444286 0.308874 0.468772
4305 730954 0.415293 0.312111 0.429578
4310 730670 0.394577 0.320333 0.392688
4315 730386 0.378488 0.327697 0.357361
4320 730103 0.407966 0.35812 0.384063
4325 729821 0.428833 0.370638 0.409787
4330 729539 0.438376 0.363166 0.433274
4335 729259 0.446482 0.360522 0.455144
4340 728978 0.452375 0.359169 0.475673
4345 728699 0.380034 0.312609 0.389271
4350 728420 0.354244 0.335329 0.307454
4355 728142 0.419235 0.393421 0.372486
4360 727864 0.451296 0.379511 0.433623
4365 727587 0.47263 0.371794 0.487402
4370 727311 0.423604 0.329567 0.438173
4375 727035 0.399282 0.343085 0.391089
4380 726760 0.380462 0.351762 0.345981
4385 726486 0.348425 0.347948 0.277043
4390 726212 0.335814 0.358689 0.211944
4395 725939 0.349671 0.370567 0.206843
4400 725666 0.349889 0.367958 0.198917
4405 725394 0.350449 0.366783 0.190853
4410 725123 0.351157 0.366344 0.182707
4415 724852 0.351916 0.366285 0.174509
4420 724581 0.408148 0.4084 0.229825
4425 724312 0.452283 0.393999 0.287754
4430 724043 0.490026 0.39662 0.338946
4435 723774 0.500338 0.381609 0.362474
4440 723506 0.51097 0.376759 0.384819
4445 723238 0.519939 0.374045 0.405996
4450 722971 0.527106 0.372004 0.426126
4455 722705 0.521564 0.365538 0.425766
4460 722439 0.51768 0.363258 0.425852
4465 722173 0.514729 0.36306 0.42621
4470 721908 0.512345 0.363905 0.426749
4475 721643 0.510331 0.36527 0.427421
4480 721379 0.508581 0.366883 0.428198
4485 721115 0.548148 0.393681 0.484329
4490 720852 0.558698 0.378438 0.529275
4495 720589 0.565939 0.371633 0.571352
4500 720327 0.554421 0.360368 0.590579
4505 720065 0.547234 0.360957 0.611444
4510 719803 0.476448 0.306114 0.538654
4515 719542 0.442593 0.338099 0.470677
4520 719281 0.411188 0.363571 0.401202
4525 719020 0.485354 0.433977 0.478915
4530 718760 0.503639 0.412027 0.544049
4535 718501 0.465312 0.375872 0.508504
4540 718241 0.436695 0.35845 0.474691
4545 717982 0.425327 0.381664 0.442079
4550 717723 0.407037 0.382846 0.409011
4555 717465 0.379241 0.387494 0.351518
4560 717207 0.355083 0.394008 0.29349
4565 716949 0.367569 0.41134 0.297672
4570 716691 0.377445 0.421643 0.302225
4575 716434 0.385588 0.427555 0.306946
4580 716177 0.392596 0.430871 0.311707
4585 715920 0.398848 0.432702 0.316438
4590 715664 0.404572 0.433704 0.321103
4595 715408 0.388162 0.416969 0.300938
4600 715151 0.374583 0.407881 0.280436
4605 714896 0.362592 0.402993 0.259641
4610 714640 0.359831 0.413376 0.23915
4615 714385 0.347888 0.407526 0.218326
4620 714129 0.345269 0.416435 0.197747
4625 713874 0.391127 0.456769 0.241211
4630 713619 0.429363 0.464379 0.287071
4635 713364 0.461491 0.462277 0.331191
4640 713110 0.395567 0.398027 0.261676
4645 712855 0.355324 0.395316 0.190091
4650 712601 0.325325 0.407541 0.116785
4655 712347 0.40808 0.480418 0.198957
4660 712093 0.472587 0.473442 0.283655
4665 711838 0.52704 0.462131 0.362374
4670 711584 0.553765 0.440682 0.410726
4675 711331 0.578812 0.429636 0.456071
4680 711077 0.58912 0.421636 0.479139
4685 710823 0.598905 0.415968 0.501527
4690 710569 0.607719 0.411066 0.523138
4695 710316 0.615485 0.406483 0.543978
4700 710062 0.535297 0.336184 0.462618
4705 709808 0.487307 0.355099 0.388225
4710 709555 0.556414 0.428895 0.45663
4715 709301 0.594254 0.437003 0.514973
4720 709048 0.611516 0.416257 0.563834
4725 708794 0.61832 0.404659 0.591997
4730 708540 0.624756 0.39728 0.619391
4735 708287 0.621946 0.389593 0.628877
4740 708033 0.629733 0.39503 0.642932
4745 707779 0.625851 0.386657 0.651785
4750 707526 0.633238 0.391997 0.665589
4755 707272 0.628659 0.383586 0.673995
4760 707018 0.614466 0.370576 0.664047
4765 706764 0.603698 0.363246 0.655659
4770 706510 0.595151 0.35946 0.648257
4775 706256 0.58811 0.357968 0.641499
4780 706002 0.582127 0.358001 0.635171
4785 705748 0.63117 0.406914 0.688575
4790 705493 0.639426 0.400228 0.723981
4795 705239 0.633745 0.382584 0.752506
4800 704984 0.636654 0.382652 0.771025
4805 704729 0.627364 0.371645 0.783922
4810 704475 0.631802 0.37589 0.803101
4815 704220 0.626638 0.371121 0.804753
4820 703964 0.622897 0.368212 0.807063
4825 703709 0.62012 0.366514 0.809822
4830 703454 0.618013 0.365613 0.812894
4835 703198 0.61638 0.365239 0.816191
4840 702943 0.615088 0.365213 0.819652
4845 702687 0.592844 0.345326 0.799683
4850 702431 0.575673 0.331801 0.781995
4855 702175 0.561722 0.322326 0.765721
4860 701918 0.5499 0.315544 0.750345
4865 701662 0.539522 0.310605 0.735539
4870 701405 0.530133 0.306948 0.721084
4875 701149 0.517001 0.312345 0.690628
4880 700892 0.504565 0.319712 0.659595
4885 700635 0.492158 0.32835 0.627627
4890 700377 0.473036 0.345199 0.574291
4895 700120 0.484929 0.371892 0.573223
4900 699862 0.487004 0.380542 0.569534
4905 699604 0.488562 0.388235 0.56567
4910 699346 0.489656 0.395052 0.561651
4915 699088 0.490339 0.401082 0.557499
4920 698829 0.490665 0.406415 0.553234
4925 698571 0.548811 0.464875 0.610801
4930 698312 0.588536 0.490794 0.663586
4935 698052 0.596524 0.467655 0.706589
4940 697793 0.606229 0.464962 0.732011
4945 697533 0.605305 0.448249 0.753463
4950 697273 0.615494 0.449278 0.778313
4955 697013 0.537246 0.371232 0.69974
4960 696753 0.465848 0.303233 0.623556
4965 696493 0.390836 0.228611 0.546289
4970 696233 0.305509 0.142537 0.466857
4975 695973 0.219411 0.0557054 0.388097
4980 695712 0.133046 -0.0315611 0.318879
4985 695453 0.0555548 -0.115712 0.372976
4990 695193 -0.022024 -0.199057 0.425576
4995 694935 -0.0886314 -0.270934 0.502164
5000 694678 -0.15636 -0.34349 0.568739
5005 694421 -0.222166 -0.41207 0.602055
5010 694166 -0.292734 -0.485323 0.621096
5015 693912 -0.364772 -0.560787 0.66225
5020 693658 -0.424184 -0.622188 0.716821
5025 693405 -0.482703 -0.681865 0.749456
5030 693152 -0.532863 -0.738037 0.785822
5035 692900 -0.579969 -0.788872 0.814001
5040 692648 -0.604891 -0.817842 0.840127
5045 692395 -0.629987 -0.854806 0.824542
5050 692143 -0.620794 -0.858831 0.832045
5055 691890 -0.615729 -0.862616 0.82947
5060 691637 -0.59895 -0.844395 0.841146
5065 691384 -0.599965 -0.837631 0.832009
5070 691131 -0.598422 -0.832217 0.830745
5075 690877 -0.597765 -0.827614 0.828853
5080 690624 -0.59699 -0.823067 0.827323
5085 690370 -0.596284 -0.818648 0.82586
5090 690116 -0.585391 -0.789924 0.835651
5095 689862 -0.594 -0.778371 0.831964
5100 689608 -0.600355 -0.766932 0.833845
5105 689354 -0.625374 -0.798769 0.814696
5110 689100 -0.616417 -0.800134 0.820853
5115 688845 -0.611854 -0.802205 0.817808
5120 688591 -0.605875 -0.802439 0.814912
5125 688337 -0.604399 -0.811505 0.806779
5130 688082 -0.595348 -0.813492 0.804326
5135 687828 -0.587307 -0.815448 0.799746
5140 687573 -0.554026 -0.760847 0.822956
5145 687319 -0.566995 -0.746365 0.813206
5150 687064 -0.574392 -0.732236 0.816283
5155 686810 -0.583763 -0.719936 0.818977
5160 686555 -0.596828 -0.717534 0.817503
5165 686301 -0.602174 -0.708271 0.82139
5170 686046 -0.608529 -0.698884 0.823185
5175 685792 -0.631854 -0.73133 0.803764
5180 685538 -0.621231 -0.733512 0.808773
5185 685284 -0.614835 -0.736507 0.804856
5190 685030 -0.597747 -0.717972 0.816122
5195 684776 -0.598428 -0.71101 0.807506
5200 684522 -0.596788 -0.705346 0.806648
5205 684269 -0.596111 -0.700514 0.805122
5210 684015 -0.595326 -0.695738 0.803966
5215 683762 -0.594613 -0.69107 0.802864
5220 683509 -0.584702 -0.661852 0.813902
5225 683257 -0.59472 -0.649318 0.8118
5230 683004 -0.602506 -0.636594 0.814858
5235 682752 -0.611103 -0.624338 0.817584
5240 682500 -0.62323 -0.622116 0.815452
5245 682248 -0.627268 -0.613017 0.818674
5250 681997 -0.632294 -0.603956 0.819858
5255 681746 -0.640455 -0.604056 0.816414
5260 681496 -0.640978 -0.597748 0.818063
5265 681246 -0.642422 -0.591611 0.817836
5270 680996 -0.647277 -0.594988 0.812574
5275 680747 -0.644619 -0.592614 0.813702
5280 680498 -0.642749 -0.590216 0.812698
5285 680249 -0.640468 -0.587303 0.811583
5290 680002 -0.638124 -0.584219 0.81025
5295 679754 -0.63572 -0.581033 0.808845
5300 679507 -0.63329 -0.577795 0.807403
5305 679261 -0.621072 -0.547989 0.817292
5310 679016 -0.630055 -0.535836 0.814977
5315 678770 -0.63677 -0.523331 0.817697
5320 678526 -0.644192 -0.511205 0.819943
5325 678282 -0.654825 -0.50898 0.817142
5330 678039 -0.657384 -0.500253 0.819623
5335 677797 -0.660921 -0.491761 0.820278
5340 677555 -0.680854 -0.526306 0.797723
5345 677314 -0.665381 -0.530994 0.800382
5350 677074 -0.654228 -0.537583 0.794918
5355 676835 -0.631807 -0.519724 0.802982
5360 676597 -0.631541 -0.52121 0.798395
5365 676359 -0.624925 -0.516425 0.795709
5370 676122 -0.620749 -0.514413 0.793161
5375 675887 -0.607872 -0.487822 0.804428
5380 675652 -0.61552 -0.477396 0.802397
5385 675418 -0.620694 -0.466242 0.804894
5390 675185 -0.626491 -0.455373 0.806825
5395 674953 -0.647754 -0.48869 0.784525
5400 674722 -0.633081 -0.492024 0.787108
5405 674492 -0.622912 -0.497269 0.781774
5410 674264 -0.602175 -0.477776 0.79061
5415 674036 -0.60242 -0.475883 0.786618
5420 673809 -0.599709 -0.472234 0.785997
5425 673584 -0.597374 -0.46875 0.784836
5430 673360 -0.594965 -0.465205 0.783733
5435 673137 -0.595334 -0.470133 0.77607
5440 672916 -0.588249 -0.469561 0.774792
5445 672695 -0.582261 -0.469474 0.771879
5450 672476 -0.576038 -0.469219 0.7692
5455 672258 -0.573383 -0.478293 0.761112
5460 672042 -0.562928 -0.480775 0.758316
5465 671827 -0.553496 -0.483553 0.753792
5470 671613 -0.535709 -0.463744 0.765695
5475 671401 -0.53726 -0.4568 0.759682
5480 671191 -0.536502 -0.450685 0.760186
5485 670981 -0.536507 -0.445097 0.760083
5490 670774 -0.540661 -0.450786 0.754505
5495 670568 -0.534492 -0.447207 0.754162
5500 670363 -0.532352 -0.44778 0.752751
5505 670160 -0.526228 -0.443171 0.750405
5510 669959 -0.525484 -0.450772 0.742458
5515 669759 -0.5165 -0.451612 0.740246
5520 669561 -0.508644 -0.452814 0.736303
5525 669364 -0.504135 -0.463348 0.7269
5530 669170 -0.49172 -0.46698 0.722802
5535 668977 -0.480401 -0.470825 0.717004
5540 668786 -0.468912 -0.474384 0.711393
5545 668596 -0.46121 -0.486897 0.700196
5550 668409 -0.445944 -0.492408 0.694213
5555 668223 -0.431816 -0.497931 0.68657
5560 668039 -0.408276 -0.479545 0.693414
5565 667857 -0.404886 -0.47876 0.686977
5570 667677 -0.398721 -0.477211 0.684659
5575 667499 -0.385159 -0.451495 0.696773
5580 667323 -0.391979 -0.443023 0.696258
5585 667148 -0.396121 -0.433873 0.699768
5590 666976 -0.400867 -0.424833 0.702673
5595 666806 -0.419576 -0.459553 0.678188
5600 666638 -0.40259 -0.462731 0.677482
5605 666471 -0.390558 -0.467262 0.669677
5610 666307 -0.368888 -0.44748 0.677874
5615 666145 -0.369013 -0.448012 0.67368
5620 665985 -0.365132 -0.445736 0.672912
5625 665828 -0.361586 -0.443219 0.671251
5630 665672 -0.357916 -0.440522 0.669583
5635 665519 -0.344685 -0.408923 0.682882
5640 665367 -0.354623 -0.398356 0.684364
5645 665218 -0.361787 -0.387037 0.689997
5650 665071 -0.369622 -0.375673 0.695036
5655 664927 -0.390789 -0.409784 0.670236
5660 664784 -0.374666 -0.411809 0.669915
5665 664644 -0.363761 -0.415488 0.662648
5670 664506 -0.343696 -0.394288 0.672596
5675 664370 -0.344324 -0.390964 0.669839
5680 664237 -0.34258 -0.386646 0.669831
5685 664106 -0.34105 -0.382372 0.66953
5690 663977 -0.339495 -0.37808 0.669261
5695 663851 -0.337943 -0.373788 0.669
5700 663727 -0.329407 -0.342973 0.685862
5705 663605 -0.342701 -0.329625 0.690416
5710 663486 -0.353554 -0.315328 0.698555
5715 663369 -0.367729 -0.311724 0.698667
5720 663255 -0.372913 -0.300971 0.704404
5725 663142 -0.379316 -0.290398 0.708791
5730 663033 -0.385616 -0.279618 0.713467
5735 662925 -0.394701 -0.279485 0.710554
5740 662820 -0.394862 -0.272597 0.713265
5745 662718 -0.39617 -0.266092 0.714669
5750 662618 -0.401004 -0.271308 0.70838
5755 662520 -0.397441 -0.270453 0.70785
5760 662425 -0.393526 -0.268682 0.706598
5765 662332 -0.389501 -0.266651 0.705159
5770 662242 -0.385446 -0.264549 0.703667
5775 662154 -0.381386 -0.26243 0.70216
5780 662068 -0.377624 -0.267651 0.693109
5785 661985 -0.367868 -0.269269 0.689464
5790 661905 -0.358998 -0.271175 0.68481
5795 661827 -0.350029 -0.272959 0.680278
5800 661751 -0.330968 -0.246882 0.698289
5805 661678 -0.340684 -0.240331 0.696229
5810 661607 -0.344134 -0.231242 0.700889
5815 661539 -0.348505 -0.22233 0.704588
5820 661473 -0.366164 -0.260983 0.671795
5825 661409 -0.342108 -0.262152 0.667622
5830 661348 -0.324034 -0.270861 0.656914
5835 661290 -0.302275 -0.259633 0.665286
5840 661233 -0.29807 -0.260033 0.659994
5845 661180 -0.291529 -0.25949 0.657258
5850 661128 -0.27807 -0.232717 0.674956
5855 661079 -0.287584 -0.222676 0.678591
5860 661033 -0.294609 -0.21159 0.685109
5865 660989 -0.315231 -0.248277 0.652743
5870 660947 -0.29164 -0.248601 0.648917
5875 660908 -0.276584 -0.255906 0.638776
5880 660871 -0.256586 -0.24142 0.64921
5885 660836 -0.256725 -0.24151 0.645809
5890 660804 -0.253679 -0.239433 0.644722
5895 660774 -0.250408 -0.237005 0.643582
5900 660747 -0.248034 -0.242265 0.63412
5905 660721 -0.238851 -0.243154 0.630145
5910 660699 -0.230586 -0.244331 0.625254
5915 660678 -0.222249 -0.245398 0.62048
5920 660660 -0.202691 -0.218782 0.64061
5925 660644 -0.213755 -0.213099 0.639751
5930 660630 -0.218 -0.204355 0.645387
5935 660619 -0.237327 -0.242662 0.609637
5940 660609 -0.213074 -0.242284 0.604756
5945 660603 -0.195417 -0.249675 0.59306
5950 660598 -0.162902 -0.201001 0.633325
5955 660595 -0.185828 -0.192909 0.638266
5960 660595 -0.199655 -0.177306 0.650894
5965 660597 -0.212117 -0.168802 0.65534
5970 660601 -0.220097 -0.157464 0.66341
5975 660607 -0.228632 -0.146026 0.671222
5980 660616 -0.251549 -0.183179 0.634509
5985 660626 -0.226801 -0.184077 0.630081
5990 660639 -0.21094 -0.191869 0.618779
5995 660654 -0.191075 -0.177912 0.629019
6000 660670 -0.191064 -0.177986 0.626121
6005 660689 -0.188378 -0.1761 0.624907
6010 660710 -0.186217 -0.181302 0.61533
6015 660733 -0.17739 -0.182308 0.610859
6020 660758 -0.169282 -0.183575 0.605793
6025 660785 -0.161158 -0.184744 0.600783
6030 660814 -0.15681 -0.196239 0.585843
6035 660845 -0.138217 -0.196085 0.579946
6040 660878 -0.126017 -0.200906 0.570411
6045 660913 -0.109969 -0.185586 0.583069
6050 660950 -0.107704 -0.179145 0.585667
6055 660989 -0.10741 -0.174315 0.587158
6060 661029 -0.107432 -0.169821 0.588565
6065 661072 -0.107517 -0.165405 0.589993
6070 661116 -0.107046 -0.139389 0.61275
6075 661162 -0.124687 -0.125732 0.625577
6080 661210 -0.140363 -0.109759 0.64029
6085 661260 -0.169827 -0.142004 0.606093
6090 661312 -0.146608 -0.137077 0.605744
6095 661365 -0.140929 -0.144764 0.594564
6100 661420 -0.127314 -0.153653 0.580446
6105 661477 -0.110737 -0.160058 0.568852
6110 661536 -0.0909463 -0.145513 0.579801
6115 661596 -0.0907768 -0.144975 0.577986
6120 661658 -0.0888015 -0.142868 0.577111
6125 661722 -0.0864989 -0.140445 0.576379
6130 661787 -0.0841407 -0.137962 0.575666
6135 661855 -0.0700713 -0.106891 0.604473
6140 661923 -0.0913598 -0.0991734 0.611818
6145 661994 -0.10368 -0.0850399 0.625403
6150 662065 -0.11445 -0.0784237 0.631151
6155 662139 -0.121554 -0.0688554 0.639074
6160 662214 -0.128894 -0.0592356 0.647114
6165 662291 -0.14043 -0.0609523 0.642361
6170 662369 -0.137907 -0.0545532 0.646966
6175 662448 -0.137841 -0.0495394 0.649973
6180 662529 -0.13839 -0.0447787 0.652539
6185 662612 -0.139108 -0.0400541 0.654992
6190 662696 -0.139881 -0.0353277 0.65743
6195 662782 -0.142609 -0.00673259 0.684533
6200 662869 -0.163288 0.0117028 0.702836
6205 662957 -0.195188 -0.0204844 0.66515
6210 663047 -0.172409 -0.0182931 0.65991
6215 663139 -0.166206 -0.0279404 0.64653
6220 663231 -0.147781 -0.0305978 0.641498
6225 663325 -0.128301 -0.00995631 0.662837
6230 663421 -0.134656 -0.00449502 0.668673
6235 663518 -0.139247 0.00326837 0.674665
6240 663616 -0.143046 0.036907 0.709888
6245 663715 -0.165161 0.0602869 0.734096
6250 663816 -0.187986 0.0855739 0.758147
6255 663918 -0.215127 0.100432 0.768966
6260 664022 -0.23342 0.121619 0.786658
6265 664126 -0.269343 0.0836666 0.739333
6270 664232 -0.240008 0.0828901 0.730002
6275 664339 -0.22337 0.0702639 0.717606
6280 664448 -0.208757 0.0487295 0.691874
6285 664557 -0.185986 0.0332665 0.673056
6290 664668 -0.143728 0.0839668 0.734771
6295 664781 -0.169947 0.0999965 0.754996
6300 664894 -0.192408 0.12382 0.776815
6305 665009 -0.226991 0.0918864 0.736659
6310 665124 -0.214678 0.0886924 0.719656
6315 665241 -0.194842 0.0829336 0.714044
6320 665359 -0.173366 0.104368 0.738979
6325 665479 -0.179249 0.110756 0.749814
6330 665599 -0.184889 0.120243 0.758252
6335 665721 -0.19238 0.117873 0.753116
6340 665843 -0.193806 0.119314 0.750593
6345 665967 -0.193195 0.121488 0.749492
6350 666092 -0.19184 0.123732 0.749106
6355 666218 -0.190189 0.125935 0.74907
6360 666346 -0.188414 0.128098 0.749202
6365 666474 -0.186587 0.130231 0.749418
6370 666603 -0.196369 0.116707 0.729689
6375 666734 -0.181712 0.116833 0.722737
6380 666866 -0.172036 0.111704 0.715699
6385 666998 -0.16245 0.106886 0.708442
6390 667132 -0.134476 0.135822 0.74427
6395 667267 -0.153021 0.141063 0.756222
6400 667403 -0.156057 0.157295 0.774029
6405 667540 -0.165565 0.170852 0.788808
6410 667678 -0.181482 0.172372 0.78534
6415 667818 -0.179672 0.180997 0.792315
6420 667958 -0.180486 0.187775 0.798641
6425 668099 -0.182237 0.194193 0.804528
6430 668242 -0.196457 0.184484 0.789119
6435 668385 -0.198858 0.18177 0.778432
6440 668530 -0.196842 0.180409 0.770835
6445 668675 -0.192988 0.179121 0.765032
6450 668822 -0.180676 0.180814 0.764669
6455 668969 -0.180058 0.17647 0.758645
6460 669118 -0.153911 0.209206 0.803704
6465 669268 -0.173483 0.223554 0.825415
6470 669419 -0.188754 0.244827 0.845907
6475 669570 -0.200807 0.254001 0.854345
6480 669723 -0.208456 0.266069 0.864213
6485 669877 -0.215603 0.278119 0.874923
6490 670032 -0.223856 0.276916 0.870515
6495 670188 -0.226639 0.278832 0.867799
6500 670346 -0.227224 0.281331 0.866455
6505 670504 -0.226802 0.283821 0.866025
6510 670663 -0.225864 0.286204 0.866168
6515 670823 -0.224642 0.288493 0.866662
6520 670985 -0.23619 0.274034 0.844839
6525 671147 -0.224213 0.271772 0.832331
6530 671310 -0.214617 0.264688 0.8227
6535 671475 -0.204609 0.257577 0.81367
6540 671641 -0.191737 0.240135 0.792802
6545 671807 -0.173744 0.225869 0.774542
6550 671975 -0.152506 0.241291 0.794306
6555 672144 -0.144553 0.248591 0.809653
6560 672314 -0.141981 0.254454 0.821774
6565 672485 -0.141921 0.260417 0.831829
6570 672657 -0.143164 0.266726 0.840634
6575 672831 -0.154042 0.270905 0.843491
6580 673005 -0.153165 0.310874 0.893612
6585 673181 -0.174689 0.3432 0.935485
6590 673357 -0.213933 0.312858 0.893364
6595 673535 -0.214253 0.307578 0.859366
6600 673714 -0.205925 0.298198 0.837337
6605 673894 -0.194087 0.287479 0.820175
6610 674075 -0.175741 0.265809 0.793192
6615 674258 -0.153474 0.246779 0.768727
6620 674441 -0.131217 0.228356 0.745153
6625 674626 -0.10743 0.20101 0.712514
6630 674811 -0.087458 0.179218 0.673665
6635 674998 -0.0488875 0.185143 0.684785
6640 675187 -0.0425152 0.177072 0.676978
6645 675376 -0.0102797 0.207476 0.718469
6650 675567 -0.0268379 0.209321 0.741001
6655 675759 -0.029183 0.226158 0.765285
6660 675952 -0.0466046 0.22748 0.766347
6665 676146 -0.0448104 0.237561 0.776302
6670 676342 -0.0561242 0.242338 0.780068
6675 676539 -0.0536605 0.252317 0.790847
6680 676737 -0.0643265 0.257009 0.795613
6685 676936 -0.0753388 0.25082 0.783869
6690 677137 -0.0784547 0.249608 0.774515
6695 677339 -0.0781125 0.249505 0.767053
6700 677542 -0.0760653 0.249436 0.760926
6705 677747 -0.0730838 0.249169 0.755704
6710 677953 -0.0713706 0.238966 0.732972
6715 678160 -0.0616479 0.231883 0.714782
6720 678368 -0.0500853 0.22429 0.698885
6725 678578 -0.0283042 0.218261 0.690369
6730 678789 -0.00102661 0.241137 0.722921
6735 679002 -0.00157481 0.244605 0.747502
6740 679216 -0.00616839 0.253271 0.766102
6745 679432 -0.0496464 0.208837 0.688766
6750 679648 -0.0270991 0.202735 0.64296
6755 679867 0.00315491 0.187117 0.61712
6760 680086 0.0628141 0.23901 0.68801
6765 680307 0.0450221 0.23729 0.734892
6770 680530 0.0228334 0.247343 0.751054
6775 680754 0.00906245 0.263302 0.77059
6780 680979 -0.0042694 0.278847 0.791739
6785 681206 -0.0157181 0.284079 0.79777
6790 681435 -0.0129712 0.294821 0.810182
6795 681665 -0.0245833 0.299721 0.816852
6800 681896 -0.0359183 0.294296 0.806222
6805 682129 -0.0399833 0.293628 0.797352
6810 682364 -0.0406885 0.294147 0.790017
6815 682600 -0.0396518 0.294745 0.783859
6820 682838 -0.0376086 0.295134 0.77856
6825 683077 -0.0349333 0.295286 0.773878
6830 683318 -0.00439698 0.329598 0.827749
6835 683560 -0.0206079 0.34193 0.867369
6840 683804 -0.036215 0.364566 0.902397
6845 684050 -0.0835634 0.322181 0.842477
6850 684297 -0.0664634 0.324541 0.794707
6855 684546 -0.0513156 0.309149 0.759523
6860 684796 -0.0299535 0.283323 0.714801
6865 685048 -0.00482842 0.262186 0.674554
6870 685302 0.0566042 0.315515 0.748014
6875 685558 0.0421094 0.314012 0.80589
6880 685815 0.0205948 0.324236 0.828404
6885 686074 0.00685189 0.342108 0.852213
6890 686335 0.0039218 0.361709 0.882688
6895 686597 -0.0146708 0.365255 0.889269
6900 686861 -0.0127667 0.377398 0.902572
6905 687127 -0.0260399 0.384104 0.91088
6910 687395 -0.0233332 0.396325 0.924942
6915 687664 -0.038793 0.388763 0.914638
6920 687936 -0.0453835 0.387276 0.905299
6925 688208 -0.047763 0.387673 0.897128
6930 688483 -0.0479429 0.388432 0.890001
6935 688760 -0.0468459 0.38905 0.883724
6940 689038 -0.044934 0.389398 0.878115
6945 689318 -0.0133804 0.42704 0.934672
6950 689601 -0.0280275 0.442769 0.982946
6955 689885 -0.0421956 0.468845 1.02689
6960 690170 -0.0912954 0.424434 0.96687
6965 690458 -0.078794 0.423697 0.910793
6970 690747 -0.0664 0.407818 0.86652
6975 691039 -0.0450529 0.420613 0.879731
6980 691332 -0.0333439 0.42615 0.892326
6985 691627 -0.0262904 0.42934 0.90392
6990 691924 -0.0217154 0.432027 0.914532
6995 692223 -0.0186078 0.434851 0.924309
7000 692524 -0.0164529 0.438001 0.933418
7005 692827 -0.00562844 0.470312 1.0002
7010 693132 -0.0188259 0.498726 1.06163
7015 693439 -0.0624318 0.462245 1.01613
7020 693747 -0.0682979 0.454409 0.970132
7025 694058 -0.0544662 0.451057 0.931683
7030 694370 -0.0532692 0.435249 0.895761
7035 694685 -0.0395988 0.414795 0.84291
7040 695001 -0.0205314 0.394751 0.794862
7045 695319 0.0105194 0.402274 0.802916
7050 695640 0.0170261 0.399055 0.803974
7055 695962 0.0231506 0.3967 0.804326
7060 696286 0.0288425 0.394904 0.804127
7065 696613 0.0341323 0.393505 0.80349
7070 696941 0.0390749 0.392406 0.802503
7075 697271 0.0765352 0.425544 0.865484
7080 697604 0.0680608 0.433315 0.921021
7085 697938 0.0570785 0.453379 0.970578
7090 698274 0.0085139 0.410102 0.914385
7095 698612 0.0157822 0.413321 0.8599
7100 698953 0.024337 0.404058 0.813937
7105 699295 0.0283903 0.381368 0.749045
7110 699639 0.0532001 0.36685 0.695971
7115 699985 0.0783325 0.36993 0.692165
7120 700333 0.0929053 0.364421 0.687117
7125 700684 0.135517 0.397871 0.73878
7130 701036 0.13537 0.389131 0.788793
7135 701390 0.142434 0.403013 0.832331
7140 701746 0.126745 0.409476 0.869356
7145 702104 0.0722949 0.360546 0.802138
7150 702464 0.0827075 0.371388 0.739294
7155 702826 0.0908981 0.364172 0.684879
7160 703190 0.159812 0.419564 0.771725
7165 703556 0.148059 0.416272 0.852007
7170 703924 0.137188 0.430881 0.900971
7175 704294 0.123554 0.450771 0.948262
7180 704666 0.101092 0.461737 0.972302
7185 705039 0.0989648 0.481305 1.00132
7190 705415 0.0920493 0.497757 1.03094
7195 705793 0.0729204 0.498561 1.03556
7200 706172 0.0726718 0.506652 1.0435
7205 706553 0.0718647 0.513929 1.05175
7210 706937 0.0708564 0.520766 1.06026
7215 707322 0.0698167 0.527358 1.06896
7220 707708 0.07592 0.569443 1.13902
7225 708097 0.0636301 0.605946 1.21088
7230 708488 0.0409486 0.62905 1.25714
7235 708880 0.0301511 0.659 1.30438
7240 709274 0.03488 0.693145 1.35405
7245 709670 0.0202656 0.704989 1.37925
7250 710068 0.0265301 0.723318 1.40386
7255 710468 0.0169716 0.736747 1.4301
7260 710869 0.0248029 0.755379 1.45533
7265 711272 0.0408783 0.818963 1.5426
7270 711677 0.0373955 0.872316 1.62987
7275 712083 0.00245657 0.841353 1.6077
7280 712491 -0.0215667 0.814366 1.58293
7285 712901 -0.0375681 0.790721 1.55666
7290 713312 -0.047638 0.769815 1.52959
7295 713725 -0.0383014 0.755959 1.50057
7300 714139 -0.0331504 0.726625 1.445
7305 714555 -0.0251474 0.700688 1.38988
7310 714973 -0.015777 0.676948 1.33555
7315 715392 -0.0167565 0.638433 1.25712
7320 715813 0.00463598 0.615027 1.17979
7325 716235 0.077188 0.686316 1.2572
7330 716659 0.0830993 0.722599 1.34167
7335 717084 0.0716993 0.742731 1.40302
7340 717510 0.0821963 0.775728 1.461
7345 717938 0.0753434 0.802701 1.52366
7350 718367 0.0145905 0.740306 1.46312
7355 718798 -0.00894365 0.693434 1.39949
7360 719230 0.0150322 0.671079 1.33355
7365 719663 0.0213645 0.630805 1.24628
7370 720097 0.0349901 0.600198 1.15902
7375 720533 0.100656 0.663143 1.22347
7380 720970 0.111948 0.695542 1.29502
7385 721408 0.111882 0.713913 1.33859
7390 721847 0.112033 0.734043 1.38239
7395 722287 0.112782 0.755657 1.42659
7400 722729 0.042696 0.682892 1.35389
7405 723171 0.0354043 0.640524 1.27839
7410 723615 0.0552712 0.617634 1.20271
7415 724059 0.0781041 0.624057 1.19146
7420 724504 0.0808123 0.619972 1.18079
7425 724951 0.0840055 0.616257 1.17011
7430 725398 0.087509 0.612811 1.15945
7435 725846 0.0912074 0.609569 1.1488
7440 726295 0.141781 0.659037 1.20139
7445 726745 0.158477 0.68961 1.25786
7450 727195 0.150362 0.710063 1.31777
7455 727646 0.147799 0.736154 1.37753
7460 728098 0.144011 0.748727 1.40898
7465 728550 0.155057 0.768456 1.43825
7470 729004 0.150258 0.781617 1.47074
7475 729457 0.0710495 0.697182 1.38615
7480 729912 0.074071 0.648781 1.29962
7485 730366 0.0865865 0.614663 1.21318
7490 730822 0.155539 0.680751 1.27762
7495 731277 0.186384 0.729271 1.34621
7500 731733 0.183474 0.766799 1.42095
7505 732190 0.183923 0.7917 1.46805
7510 732646 0.186919 0.817926 1.51575
7515 733103 0.19232 0.845025 1.56407
7520 733561 0.192691 0.854072 1.58313
7525 734018 0.194582 0.863295 1.60205
7530 734476 0.197655 0.87262 1.62087
7535 734934 0.201675 0.881993 1.63963
7540 735391 0.206478 0.891377 1.65833
7545 735849 0.268924 0.96304 1.74155
7550 736307 0.312375 1.02726 1.827
7555 736765 0.375056 1.0961 1.9112
7560 737223 0.440916 1.16168 1.99511
7565 737681 0.50377 1.20676 2.07971
7570 738139 0.462856 1.15795 2.05116
7575 738596 0.421002 1.11217 2.02284
7580 739054 0.379448 1.06862 1.99403
7585 739511 0.339139 1.02673 1.96431
7590 739968 0.300782 0.986156 1.93354
7595 740424 0.264897 0.946702 1.90174
7600 740881 0.231856 0.908272 1.86904
7605 741336 0.178428 0.846109 1.81035
7610 741792 0.131366 0.785815 1.75128
7615 742247 0.0908661 0.727944 1.69264
7620 742701 0.11268 0.68341 1.63616
7625 743155 0.114808 0.626274 1.55692
7630 743609 0.134624 0.588579 1.48025
7635 744062 0.167225 0.593449 1.46019
7640 744514 0.16175 0.580244 1.43867
7645 744965 0.212848 0.628353 1.48017
7650 745416 0.251628 0.673122 1.52103
7655 745866 0.280832 0.716315 1.5623
7660 746315 0.288277 0.760121 1.60494
7665 746763 0.295858 0.803964 1.64964
7670 747210 0.220431 0.733988 1.57912
7675 747657 0.160171 0.666353 1.50831
7680 748103 0.14633 0.615228 1.43985
7685 748547 0.169886 0.587877 1.3747
7690 748991 0.253587 0.671024 1.45393
7695 749434 0.319082 0.750095 1.53372
7700 749875 0.330062 0.829487 1.61919
7705 750315 0.344899 0.885905 1.68201
7710 750755 0.365119 0.942905 1.74632
7715 751193 0.404699 0.998967 1.8066
7720 751630 0.421187 1.0297 1.8419
7725 752065 0.440211 1.05966 1.87668
7730 752500 0.461554 1.08876 1.91081
7735 752933 0.485001 1.11695 1.9442
7740 753365 0.510341 1.14424 1.97678
7745 753795 0.537372 1.17069 2.0085
7750 754225 0.541115 1.1725 2.01541
7755 754652 0.545361 1.17428 2.02201
7760 755079 0.550013 1.17607 2.02837
7765 755504 0.554998 1.17792 2.03452
7770 755927 0.560262 1.17987 2.04049
7775 756349 0.56576 1.18195 2.04632
7780 756769 0.571461 1.18416 2.05201
7785 757188 0.552377 1.16241 2.03343
7790 757605 0.53285 1.14125 2.01511
7795 758021 0.513095 1.12053 1.9969
7800 758435 0.493291 1.10012 1.9787
7805 758847 0.473587 1.07993 1.96044
7810 759258 0.4541 1.05988 1.94205
7815 759666 0.409301 1.01415 1.89767
7820 760073 0.36558 0.968372 1.85293
7825 760479 0.323442 0.922507 1.80783
7830 760882 0.283225 0.876656 1.7625
7835 761284 0.245066 0.831017 1.71713
7840 761684 0.208848 0.785825 1.67196
7845 762082 0.174163 0.741276 1.62716
7850 762479 0.201797 0.759582 1.64513
7855 762873 0.227923 0.777731 1.66291
7860 763266 0.25245 0.795825 1.68059
7865 763656 0.275388 0.813961 1.69824
7870 764045 0.296828 0.832223 1.71593
7875 764431 0.31692 0.850677 1.73372
7880 764816 0.312237 0.844722 1.72704
7885 765199 0.307821 0.838776 1.72032
7890 765580 0.303623 0.832848 1.71359
7895 765958 0.299603 0.826944 1.70683
7900 766335 0.295725 0.821071 1.70008
7905 766710 0.291953 0.815232 1.69332
7910 767082 0.288257 0.809429 1.68656
7915 767453 0.345651 0.86685 1.74286
7920 767821 0.400448 0.925084 1.79968
7925 768187 0.45361 0.984276 1.85718
7930 768552 0.506297 1.04423 1.91518
7935 768914 0.559494 1.10457 1.97331
7940 769274 0.613791 1.16492 2.03118
7945 769632 0.669313 1.22517 2.0885
7950 769987 0.612698 1.17334 2.0337
7955 770341 0.555612 1.1214 1.97903
7960 770693 0.498455 1.06911 1.92421
7965 771042 0.441633 1.01631 1.86906
7970 771389 0.385441 0.962952 1.81356
7975 771734 0.329929 0.909132 1.75778
7980 772077 0.249742 0.829944 1.67688
7985 772417 0.167717 0.750516 1.59607
7990 772756 0.081805 0.669887 1.51482
7995 773092 -0.00461771 0.584746 1.43107
8000 773426 -0.0915401 0.498455 1.34504
8005 773759 -0.178807 0.411726 1.25871
8010 774089 -0.266073 0.324459 1.17212
8015 774417 -0.345579 0.247219 1.09953
8020 774745 -0.426409 0.168597 1.02466
8025 775070 -0.508108 0.088775 0.950452
8030 775395 -0.594802 0.00327854 0.87256
8035 775719 -0.680591 -0.0819123 0.822013
8040 776041 -0.76477 -0.165824 0.829764
8045 776363 -0.846964 -0.247824 0.846528
8050 776683 -0.916632 -0.317031 0.888894
8055 777001 -0.965711 -0.361096 0.901723
8060 777317 -0.970537 -0.361796 0.908637
8065 777630 -0.974474 -0.365915 0.903272
8070 777942 -0.970864 -0.363706 0.90391
8075 778251 -0.967813 -0.361961 0.902961
8080 778557 -0.964508 -0.360004 0.901973
8085 778862 -0.96118 -0.358031 0.900902
8090 779164 -0.945943 -0.333954 0.911547
8095 779463 -0.951509 -0.32622 0.907456
8100 779761 -0.954107 -0.316395 0.907237
8105 780056 -0.957211 -0.307045 0.906389
8110 780348 -0.964102 -0.30621 0.900567
8115 780639 -0.963389 -0.299329 0.900939
8120 780927 -0.963836 -0.293357 0.899917
8125 781213 -0.984578 -0.321945 0.87581
8130 781496 -0.972668 -0.3214 0.880142
8135 781777 -0.965542 -0.325694 0.878255
8140 782056 -0.957301 -0.32939 0.877362
8145 782333 -0.92221 -0.286258 0.907171
8150 782607 -0.933464 -0.278472 0.899629
8155 782880 -0.937695 -0.265941 0.900575
8160 783149 -0.961484 -0.292747 0.876161
8165 783417 -0.95094 -0.290304 0.880663
8170 783683 -0.945657 -0.292568 0.878742
8175 783946 -0.927811 -0.27381 0.892782
8180 784207 -0.930396 -0.271161 0.887292
8185 784465 -0.929257 -0.26574 0.887452
8190 784722 -0.928872 -0.260882 0.886722
8195 784976 -0.91869 -0.232988 0.899914
8200 785228 -0.931378 -0.222421 0.896982
8205 785478 -0.935448 -0.205578 0.897938
8210 785726 -0.946923 -0.201481 0.891798
8215 785971 -0.949504 -0.190818 0.89277
8220 786215 -0.953292 -0.18118 0.892305
8225 786456 -0.976393 -0.208765 0.867089
8230 786695 -0.965536 -0.206832 0.871493
8235 786932 -0.959829 -0.209744 0.869957
8240 787167 -0.953108 -0.212016 0.869439
8245 787400 -0.935823 -0.195967 0.883017
8250 787630 -0.934726 -0.192887 0.880774
8255 787859 -0.932953 -0.189319 0.880284
8260 788085 -0.931329 -0.185863 0.879821
8265 788310 -0.92973 -0.182415 0.879397
8270 788532 -0.928148 -0.178967 0.87899
8275 788752 -0.91769 -0.153571 0.891787
8280 788971 -0.928962 -0.144615 0.88866
8285 789187 -0.931706 -0.129429 0.890598
8290 789401 -0.959897 -0.159687 0.861722
8295 789613 -0.946246 -0.154564 0.868664
8300 789823 -0.941584 -0.157384 0.866744
8305 790032 -0.935383 -0.159074 0.866403
8310 790238 -0.917066 -0.139542 0.881925
8315 790442 -0.920918 -0.137205 0.877177
8320 790644 -0.920328 -0.131566 0.877798
8325 790845 -0.920462 -0.126459 0.87754
8330 791043 -0.913742 -0.0999933 0.890972
8335 791239 -0.924715 -0.0864824 0.889336
8340 791434 -0.932872 -0.0783657 0.886042
8345 791627 -0.936875 -0.067462 0.886882
8350 791817 -0.941326 -0.0570593 0.887081
8355 792006 -0.966077 -0.0861776 0.859062
8360 792193 -0.955143 -0.0846128 0.863329
8365 792378 -0.949322 -0.0878488 0.862237
8370 792562 -0.942563 -0.0905563 0.861963
8375 792743 -0.940858 -0.100945 0.855594
8380 792923 -0.928511 -0.102591 0.857593
8385 793101 -0.923144 -0.110767 0.854886
8390 793277 -0.901482 -0.0958825 0.869679
8395 793451 -0.902712 -0.0995252 0.86542
8400 793623 -0.8957 -0.0965805 0.866956
8405 793794 -0.896569 -0.10497 0.86018
8410 793963 -0.889035 -0.106667 0.860584
8415 794130 -0.88268 -0.109485 0.859674
8420 794295 -0.87604 -0.112246 0.858932
8425 794459 -0.873883 -0.123551 0.851974
8430 794621 -0.863589 -0.128479 0.851834
8435 794781 -0.854311 -0.1346 0.850339
8440 794940 -0.821701 -0.0852709 0.886331
8445 795096 -0.841244 -0.0737774 0.880804
8450 795251 -0.852634 -0.0554614 0.883933
8455 795405 -0.877169 -0.0799866 0.857951
8460 795556 -0.866587 -0.0773812 0.86194
8465 795706 -0.861907 -0.0795029 0.860566
8470 795855 -0.860566 -0.0896476 0.853766
8475 796001 -0.851237 -0.0936278 0.853663
8480 796147 -0.842944 -0.09869 0.852324
8485 796290 -0.83433 -0.103758 0.85108
8490 796432 -0.816434 -0.0868747 0.865875
8495 796572 -0.815627 -0.0821777 0.865571
8500 796710 -0.815135 -0.0778231 0.865745
8505 796847 -0.817089 -0.0752123 0.863783
8510 796983 -0.821443 -0.0812865 0.857126
8515 797117 -0.814655 -0.0789731 0.858505
8520 797249 -0.813619 -0.0811035 0.856254
8525 797379 -0.806662 -0.0786851 0.857453
8530 797508 -0.805622 -0.0808621 0.855191
8535 797636 -0.802414 -0.0878205 0.849804
8540 797762 -0.794218 -0.0912603 0.849158
8545 797886 -0.786691 -0.095316 0.847657
8550 798009 -0.778969 -0.0993628 0.84621
8555 798130 -0.760778 -0.0782899 0.863161
8560 798250 -0.767644 -0.0741922 0.85954
8565 798368 -0.769058 -0.0666641 0.86124
8570 798485 -0.773599 -0.0692481 0.856134
8575 798600 -0.771672 -0.0672814 0.856087
8580 798714 -0.769522 -0.0651067 0.85599
8585 798826 -0.767358 -0.0629147 0.85588
8590 798937 -0.765194 -0.0607213 0.855775
8595 799046 -0.763031 -0.0585284 0.855674
8600 799153 -0.76087 -0.0563361 0.85558
8605 799259 -0.750347 -0.0271582 0.873673
8610 799364 -0.766169 -0.0151273 0.872205
8615 799467 -0.774739 0.00133449 0.875879
8620 799569 -0.783754 0.00869936 0.874253
8625 799669 -0.787807 0.0192578 0.876414
8630 799768 -0.792398 0.0294211 0.878129
8635 799865 -0.800545 0.0288544 0.871988
8640 799961 -0.796821 0.0362563 0.87625
8645 800055 -0.800241 0.0389774 0.873612
8650 800148 -0.796937 0.0460878 0.877677
8655 800239 -0.805244 0.0374671 0.866705
8660 800329 -0.802342 0.0367339 0.865073
8665 800417 -0.794752 0.0391942 0.867562
8670 800504 -0.794021 0.0367642 0.864663
8675 800589 -0.786606 0.0390278 0.866909
8680 800673 -0.786835 0.0287381 0.858653
8685 800756 -0.777856 0.0249192 0.858145
8690 800837 -0.769909 0.020173 0.856712
8695 800916 -0.761727 0.0154465 0.855283
8700 800994 -0.757461 0.000931634 0.846185
8705 801071 -0.740779 -0.00513055 0.847477
8710 801146 -0.725813 0.00621951 0.858551
8715 801219 -0.723011 0.00949519 0.859795
8720 801292 -0.721153 0.0122062 0.860108
8725 801362 -0.719377 0.0148761 0.860333
8730 801431 -0.717608 0.0175459 0.860556
8735 801499 -0.715839 0.0202188 0.860786
8740 801565 -0.714071 0.0228952 0.861024
8745 801630 -0.704459 0.0540333 0.882158
8750 801693 -0.723198 0.0684858 0.880974
8755 801755 -0.733529 0.0875245 0.886314
8760 801815 -0.743196 0.0969557 0.88682
8765 801873 -0.748588 0.10915 0.88971
8770 801930 -0.754304 0.121052 0.892528
8775 801986 -0.764026 0.12092 0.885558
8780 802040 -0.760172 0.129096 0.890883
8785 802093 -0.764649 0.132309 0.888004
8790 802144 -0.7611 0.140255 0.893353
8795 802193 -0.761507 0.171073 0.908834
8800 802241 -0.777252 0.192651 0.913029
8805 802287 -0.790678 0.215225 0.918054
8810 802332 -0.806674 0.225501 0.914082
8815 802376 -0.813456 0.240932 0.917723
8820 802417 -0.820602 0.246398 0.916806
8825 802457 -0.823016 0.255074 0.918325
8830 802496 -0.825602 0.263515 0.920244
8835 802533 -0.848225 0.224921 0.881333
8840 802568 -0.830413 0.216395 0.883348
8845 802602 -0.790608 0.265142 0.9329
8850 802634 -0.809983 0.279239 0.930393
8855 802664 -0.819571 0.298598 0.934694
8860 802693 -0.852238 0.26324 0.893124
8865 802720 -0.83241 0.26463 0.901255
8870 802746 -0.823938 0.257068 0.899936
8875 802770 -0.818093 0.240567 0.8908
8880 802792 -0.803419 0.229715 0.88964
8885 802813 -0.782636 0.2409 0.904355
8890 802832 -0.78204 0.238719 0.902366
8895 802849 -0.778656 0.238562 0.90153
8900 802864 -0.774798 0.238611 0.901412
8905 802878 -0.770778 0.238712 0.901497
8910 802890 -0.767818 0.229643 0.895153
8915 802900 -0.758847 0.224368 0.893734
8920 802909 -0.749975 0.218708 0.892537
8925 802916 -0.740946 0.212969 0.891184
8930 802921 -0.730842 0.199178 0.886601
8935 802924 -0.716545 0.188083 0.883545
8940 802925 -0.700144 0.200549 0.896344
8945 802925 -0.695672 0.205321 0.901819
8950 802923 -0.69342 0.209244 0.904182
8955 802918 -0.691799 0.212951 0.905636
8960 802913 -0.690362 0.216601 0.906833
8965 802905 -0.688979 0.220242 0.907965
8970 802895 -0.697097 0.209241 0.893079
8975 802884 -0.686622 0.208819 0.893896
8980 802870 -0.680026 0.205542 0.893084
8985 802855 -0.673136 0.202522 0.891924
8990 802838 -0.670924 0.187072 0.878931
8995 802819 -0.652618 0.179961 0.881419
9000 802798 -0.645159 0.167565 0.87152
9005 802775 -0.622522 0.1881 0.89482
9010 802750 -0.624506 0.195216 0.900386
9015 802723 -0.626506 0.20346 0.903183
9020 802694 -0.628689 0.211541 0.906127
9025 802663 -0.628533 0.250829 0.93258
9030 802630 -0.64822 0.280702 0.944103
9035 802595 -0.670141 0.297796 0.94414
9040 802558 -0.681274 0.31982 0.951899
9045 802519 -0.709371 0.283309 0.907365
9050 802478 -0.687556 0.274419 0.908042
9055 802434 -0.672748 0.260434 0.90377
9060 802389 -0.654733 0.274169 0.918724
9065 802341 -0.649368 0.280119 0.926971
9070 802292 -0.646874 0.28527 0.931266
9075 802240 -0.645433 0.290173 0.934068
9080 802186 -0.644394 0.294994 0.936319
9085 802130 -0.643508 0.299792 0.938374
9090 802072 -0.653634 0.288086 0.920912
9095 802012 -0.644465 0.286376 0.918474
9100 801949 -0.637287 0.282481 0.917367
9105 801884 -0.629798 0.278855 0.915941
9110 801817 -0.6098 0.309006 0.949999
9115 801748 -0.6245 0.325433 0.954645
9120 801676 -0.633747 0.344642 0.962352
9125 801602 -0.642012 0.351262 0.96299
9130 801526 -0.644844 0.361015 0.965972
9135 801448 -0.647507 0.370547 0.969979
9140 801367 -0.645497 0.414992 1.00314
9145 801284 -0.669822 0.448402 1.01025
9150 801199 -0.688521 0.47011 1.01948
9155 801111 -0.700744 0.496001 1.0289
9160 801021 -0.740679 0.453751 0.971602
9165 800929 -0.719514 0.444239 0.965181
9170 800834 -0.703873 0.42856 0.962282
9175 800737 -0.68396 0.442838 0.980038
9180 800637 -0.675987 0.449765 0.992908
9185 800535 -0.671354 0.45597 1.00098
9190 800431 -0.66848 0.461826 1.00662
9195 800324 -0.666538 0.467516 1.011
9200 800215 -0.66509 0.473131 1.01475
9205 800103 -0.659048 0.514484 1.04887
9210 799989 -0.681349 0.546776 1.05763
9215 799873 -0.716478 0.512048 1.01164
9220 799753 -0.71087 0.499968 0.989242
9225 799632 -0.691928 0.489096 0.993418
9230 799508 -0.667973 0.510168 1.02159
9235 799381 -0.658769 0.523341 1.04329
9240 799252 -0.662412 0.53342 1.05096
9245 799121 -0.66476 0.545171 1.05685
9250 798987 -0.667439 0.556734 1.06291
9255 798850 -0.660911 0.608436 1.10737
9260 798711 -0.684115 0.652105 1.12308
9265 798570 -0.719089 0.6236 1.0855
9270 798426 -0.725488 0.611893 1.05482
9275 798279 -0.722501 0.601111 1.04262
9280 798130 -0.713891 0.579426 1.0291
9285 797978 -0.696657 0.561422 1.02227
9290 797824 -0.678199 0.54286 1.01706
9295 797667 -0.656767 0.512714 1.00834
9300 797507 -0.632706 0.48517 0.998245
9305 797345 -0.581062 0.542991 1.07497
9310 797181 -0.603298 0.57988 1.09983
9315 797014 -0.639025 0.546452 1.05361
9320 796844 -0.635646 0.533024 1.02418
9325 796672 -0.61712 0.518759 1.02213
9330 796497 -0.592146 0.539993 1.05215
9335 796320 -0.582021 0.553907 1.07697
9340 796140 -0.585607 0.565447 1.08947
9345 795958 -0.588091 0.579567 1.09867
9350 795773 -0.595687 0.577311 1.09115
9355 795585 -0.597407 0.577856 1.08546
9360 795395 -0.596902 0.578636 1.08221
9365 795203 -0.595061 0.579462 1.08063
9370 795008 -0.59236 0.580301 1.08015
9375 794810 -0.589096 0.581138 1.08038
9380 794610 -0.561508 0.623781 1.13824
9385 794407 -0.574564 0.659629 1.16987
9390 794202 -0.587679 0.699901 1.19652
9395 793994 -0.609045 0.722971 1.20149
9400 793784 -0.610575 0.748603 1.22172
9405 793572 -0.662727 0.694311 1.13727
9410 793356 -0.654325 0.66234 1.08682
9415 793139 -0.627512 0.628257 1.07808
9420 792919 -0.562994 0.69125 1.16168
9425 792696 -0.567781 0.730143 1.22848
9430 792471 -0.586493 0.785653 1.26239
9435 792244 -0.626158 0.752734 1.21419
9440 792014 -0.635741 0.73523 1.16819
9445 791782 -0.635183 0.715512 1.14055
9450 791547 -0.605496 0.738374 1.17438
9455 791310 -0.589552 0.754038 1.20702
9460 791071 -0.578653 0.769757 1.23534
9465 790829 -0.570944 0.786231 1.26042
9470 790585 -0.576038 0.80219 1.27742
9475 790339 -0.583822 0.802293 1.27203
9480 790091 -0.587236 0.804034 1.26716
9485 789840 -0.588645 0.805764 1.26383
9490 789587 -0.588673 0.807329 1.26186
9495 789332 -0.587646 0.808741 1.26098
9500 789074 -0.585797 0.810023 1.26095
9505 788814 -0.599323 0.791689 1.2346
9510 788552 -0.593019 0.780153 1.21459
9515 788288 -0.585694 0.765451 1.20141
9520 788022 -0.575519 0.750864 1.19088
9525 787753 -0.562278 0.719961 1.16845
9530 787483 -0.542116 0.691324 1.14962
9535 787210 -0.517095 0.704402 1.1728
9540 786936 -0.502583 0.711983 1.19513
9545 786659 -0.492298 0.719273 1.21456
9550 786381 -0.484557 0.727055 1.23155
9555 786100 -0.478598 0.735368 1.24673
9560 785818 -0.473934 0.744133 1.26064
9565 785533 -0.485415 0.734061 1.24754
9570 785247 -0.488621 0.728099 1.23416
9575 784959 -0.488309 0.722632 1.22257
9580 784669 -0.485889 0.716998 1.21277
9585 784377 -0.481978 0.711121 1.20442
9590 784083 -0.476952 0.705031 1.19722
9595 783788 -0.433204 0.746123 1.25634
9600 783491 -0.424764 0.77251 1.31676
9605 783192 -0.420293 0.808754 1.36683
9610 782892 -0.43226 0.850505 1.40854
9615 782590 -0.485257 0.801341 1.3379
9620 782286 -0.493911 0.773071 1.26512
9625 781981 -0.478323 0.738931 1.21824
9630 781674 -0.457314 0.682441 1.16962
9635 781365 -0.428918 0.632306 1.12726
9640 781055 -0.387997 0.622819 1.13408
9645 780744 -0.375093 0.606985 1.12658
9650 780431 -0.339106 0.637515 1.17373
9655 780117 -0.333419 0.653415 1.22092
9660 779801 -0.332254 0.677456 1.25866
9665 779484 -0.334807 0.704537 1.2932
9670 779166 -0.338451 0.715122 1.30473
9675 778847 -0.340278 0.72668 1.31622
9680 778526 -0.341261 0.738469 1.32804
9685 778204 -0.341736 0.750297 1.34026
9690 777881 -0.341838 0.762121 1.35286
9695 777557 -0.341633 0.773941 1.36582
9700 777232 -0.357386 0.76551 1.35254
9705 776905 -0.364297 0.760652 1.33857
9710 776578 -0.366835 0.756396 1.3256
9715 776249 -0.366803 0.751892 1.31393
9720 775919 -0.365044 0.746958 1.30345
9725 775589 -0.362024 0.741614 1.29397
9730 775257 -0.358046 0.735929 1.28532
9735 774925 -0.312741 0.779893 1.34401
9740 774592 -0.30356 0.80784 1.40914
9745 774258 -0.297477 0.844488 1.46851
9750 773923 -0.293254 0.885596 1.52687
9755 773588 -0.303133 0.909145 1.55789
9760 773252 -0.292588 0.935027 1.5884
9765 772915 -0.297592 0.95888 1.62188
9770 772578 -0.285093 0.984493 1.65378
9775 772240 -0.362114 0.909255 1.56693
9780 771901 -0.369305 0.871528 1.47971
9785 771561 -0.368655 0.823448 1.39293
9790 771221 -0.345312 0.813466 1.37402
9795 770881 -0.33205 0.796312 1.35914
9800 770540 -0.320562 0.779007 1.34434
9805 770198 -0.280187 0.812571 1.39187
9810 769857 -0.265128 0.831519 1.44709
9815 769515 -0.255243 0.856363 1.49803
9820 769173 -0.247949 0.884991 1.54727
9825 768830 -0.246737 0.89664 1.56652
9830 768487 -0.244257 0.90886 1.58561
9835 768144 -0.240973 0.921259 1.60478
9840 767801 -0.237093 0.93365 1.62414
9845 767457 -0.232712 0.945938 1.64375
9850 767113 -0.227873 0.958065 1.66361
9855 766770 -0.241932 0.948342 1.65701
9860 766426 -0.249888 0.94118 1.64819
9865 766081 -0.254197 0.935019 1.63849
9870 765737 -0.256201 0.929134 1.62854
9875 765393 -0.256661 0.923205 1.61863
9880 765049 -0.256031 0.91711 1.60887
9885 764705 -0.254595 0.910819 1.59932
9890 764361 -0.203508 0.95955 1.65791
9895 764017 -0.177358 0.99317 1.72915
9900 763673 -0.154508 1.02798 1.80144
9905 763329 -0.131045 1.06292 1.87446
9910 762986 -0.191094 1.00445 1.81745
9915 762643 -0.234717 0.955849 1.75222
9920 762300 -0.234408 0.927391 1.67507
9925 761957 -0.236871 0.890382 1.60311
9930 761614 -0.247 0.834853 1.51662
9935 761272 -0.230335 0.787148 1.43067
9940 760929 -0.211674 0.776834 1.41091
9945 760588 -0.21297 0.761424 1.39167
9950 760246 -0.196576 0.749805 1.37345
9955 759905 -0.198381 0.717523 1.32979
9960 759565 -0.1768 0.69233 1.2886
9965 759225 -0.161555 0.664287 1.2494
9970 758885 -0.154453 0.622766 1.18565
9975 758546 -0.135625 0.588369 1.12455
9980 758207 -0.0647332 0.655302 1.20963
9985 757869 -0.0740254 0.677244 1.29581
9990 757531 -0.0790052 0.719319 1.3818
9995 757194 -0.0939047 0.751542 1.443
10000 756858 -0.0979611 0.790917 1.50376
10005 756522 -0.100533 0.813325 1.53879
10010 756187 -0.0876059 0.839132 1.57287
10015 755852 -0.0927112 0.859447 1.61131
10020 755518 -0.079209 0.884913 1.64662
10025 755184 -0.082045 0.904534 1.68729
10030 754852 -0.157024 0.827517 1.60471
10035 754519 -0.164552 0.781893 1.5185
10040 754188 -0.147667 0.74466 1.43234
10045 753857 -0.130137 0.738724 1.41078
10050 753527 -0.132016 0.725384 1.39099
10055 753197 -0.117305 0.717162 1.37119
10060 752869 -0.0749291 0.7569 1.41717
