0 649792 0 0 0
20 649808 0 0 0
40 649856 0 0 0
60 649934 0 0 0
80 650042 0 0 0
100 650178 0 0 0
120 650342 0 0 0
140 650532 0 0 0
160 650747 0 0 0
180 650987 0 0 0
200 651251 0 0 0
220 651537 0 0 0
240 651846 0 0 0
260 652176 0 0 0
280 652526 0 0 0
300 652896 0 0 0
320 653286 0 0 0
340 653695 0 0 0
360 654122 0 0 0
380 654567 0 0 0
400 655031 0 0 0
420 655512 0 0 0
440 656011 0 0 0
460 656527 0 0 0
480 657062 0 0 0
500 657613 0 0 0
520 658183 0 0 0
540 658771 0 0 0
560 659377 0 0 0
580 660002 0 0 0
600 660646 0 0 0
620 661309 0 0 0
640 661993 0 0 0
660 662697 0 0 0
680 663423 0 0 0
700 664170 0 0 0
720 664940 0 0 0
740 665733 0 0 0
760 666551 0 0 0
780 667393 0 0 0
800 668260 0 0 0
820 669155 0 0 0
840 670076 0 0 0
860 671025 0 0 0
880 672004 0 0 0
900 673011 0 0 0
920 674050 0 0 0
940 675119 0 0 0
960 676220 0 0 0
980 677354 0 0 0
1000 678520 0 0 0
1020 679721 0 0 0
1040 680955 0 0 0
1060 682224 0 0 0
1080 683528 0 0 0
1100 684867 0 0 0
1120 686240 0 0 0
1140 687649 0 0 0
1160 689093 0 0 0
1180 690571 0 0 0
1200 692083 0 0 0
1220 693628 0 0 0
1240 695207 0 0 0
1260 696817 0 0 0
1280 698458 0 0 0
1300 700129 0 0 0
1320 701828 0 0 0
1340 703554 0 0 0
1360 705305 0 0 0
1380 707080 0 0 0
1400 708875 0 0 0
1420 710690 0 0 0
1440 712522 0 0 0
1460 714369 0 0 0
1480 716228 0 0 0
1500 718097 0 0 0
1520 719973 0 0 0
1540 721854 0 0 0
1560 723736 0 0 0
1580 725618 0 0 0
1600 727497 0 0 0
1620 729370 0 0 0
1640 731235 0 0 0
1660 733088 0 0 0
1680 734928 0 0 0
1700 736751 0 0 0
1720 738557 0 0 0
1740 740342 0 0 0
1760 742104 0 0 0
1780 743842 0 0 0
1800 745554 0 0 0
1820 747238 0 0 0
1840 748893 0 0 0
1860 750516 0 0 0
1880 752108 0 0 0
1900 753667 0 0 0
1920 755191 0 0 0
1940 756681 0 0 0
1960 758136 0 0 0
1980 759555 0 0 0
2000 760938 0 0 0
2020 762284 0 0 0
2040 763594 0 0 0
2060 764868 0 0 0
2080 766105 0 0 0
2100 767307 0 0 0
2120 768472 0 0 0
2140 769602 0 0 0
2160 770697 0 0 0
2180 771758 0 0 0
2200 772785 0 0 0
2220 773778 0 0 0
2240 774739 0 0 0
2260 775667 0 0 0
2280 776565 0 0 0
2300 777431 0 0 0
2320 778268 0 0 0
2340 779075 0 0 0
2360 779854 0 0 0
2380 780604 0 0 0
2400 781328 0 0 0
2420 782024 0 0 0
2440 782694 0 0 0
2460 783339 0 0 0
2480 783958 0 0 0
2500 784553 0 0 0
2520 785123 0 0 0
2540 785670 0 0 0
2560 786193 0 0 0
2580 786693 0 0 0
2600 787170 0 0 0
2620 787623 0 0 0
2640 788054 0 0 0
2660 788463 0 0 0
2680 788848 0 0 0
2700 789211 0 0 0
2720 789550 0 0 0
2740 789867 0 0 0
2760 790160 0 0 0
2780 790429 0 0 0
2800 790674 0 0 0
2820 790895 0 0 0
2840 791091 0 0 0
2860 791261 0 0 0
2880 791405 0 0 0
2900 791522 0 0 0
2920 791611 0 0 0
2940 791673 0 0 0
2960 791705 0 0 0
2980 791708 0 0 0
3000 791680 0 0 0
3020 791621 0 0 0
3040 791529 0 0 0
3060 791404 0 0 0
3080 791246 0 0 0
3100 791052 0 0 0
3120 790823 0 0 0
3140 790557 0 0 0
3160 790254 0 0 0
3180 789913 0 0 0
3200 789533 0 0 0
3220 789114 0 0 0
3240 788655 0 0 0
3260 788156 0 0 0
3280 787616 0 0 0
3300 787035 0 0 0
3320 786413 0 0 0
3340 785749 0 0 0
3360 785045 0 0 0
3380 784299 0 0 0
3400 783513 0 0 0
3420 782686 0 0 0
3440 781819 0 0 0
3460 780914 0 0 0
3480 779970 0 0 0
3500 778989 0 0 0
3520 777972 0 0 0
3540 776920 0 0 0
3560 775835 0 0 0
3580 774717 0 0 0
3600 773569 0 0 0
3620 772393 0 0 0
3640 771189 0 0 0
3660 769960 0 0 0
3680 768707 0 0 0
3700 767434 0 0 0
3720 766140 0 0 0
3740 764830 0 0 0
3760 763503 0 0 0
3780 762164 0 0 0
3800 760813 0 0 0
3820 759452 0 0 0
3840 758084 0 0 0
3860 756710 0 0 0
3880 755333 0 0 0
3900 753953 0 0 0
3920 752572 0 0 0
3940 751193 0 0 0
3960 749817 0 0 0
3980 748444 0 0 0
4000 747077 0 0 0
4020 745717 0 0 0
4040 744364 0 0 0
4060 743020 0 0 0
4080 741685 0 0 0
4100 740360 0 0 0
4120 739047 0 0 0
4140 737745 0 0 0
4160 736455 0 0 0
4180 735177 0 0 0
4200 733913 0 0 0
4220 732661 0 0 0
4240 731422 0 0 0
4260 730196 0 0 0
4280 728982 0 0 0
4300 727782 0 0 0
4320 726594 0 0 0
4340 725419 0 0 0
4360 724256 0 0 0
4380 723104 0 0 0
4400 721963 0 0 0
4420 720834 0 0 0
4440 719714 0 0 0
4460 718604 0 0 0
4480 717504 0 0 0
4500 716412 0 0 0
4520 715328 0 0 0
4540 714251 0 0 0
4560 713181 0 0 0
4580 712117 0 0 0
4600 711059 0 0 0
4620 710005 0 0 0
4640 708955 0 0 0
4660 707909 0 0 0
4680 706866 0 0 0
4700 705825 0 0 0
4720 704785 0 0 0
4740 703747 0 0 0
4760 702710 0 0 0
4780 701672 0 0 0
4800 700634 0 0 0
4820 699595 0 0 0
4840 698556 0 0 0
4860 697514 0 0 0
4880 696471 0 0 0
4900 695426 0 0 0
4920 694378 0 0 0
4940 693329 0 0 0
4960 692277 0 0 0
4980 691222 0 0 0
5000 690166 0 0 0
5020 689107 0 0 0
5040 688046 0 0 0
5060 686984 0 0 0
5080 685921 0 0 0
5100 684858 0 0 0
5120 683795 0 0 0
5140 682732 0 0 0
5160 681671 0 0 0
5180 680612 0 0 0
5200 679557 0 0 0
5220 678506 0 0 0
5240 677461 0 0 0
5260 676422 0 0 0
5280 675392 0 0 0
5300 674371 0 0 0
5320 673361 0 0 0
5340 672363 0 0 0
5360 671379 0 0 0
5380 670411 0 0 0
5400 669460 0 0 0
5420 668528 0 0 0
5440 667617 0 0 0
5460 666728 0 0 0
5480 665862 0 0 0
5500 665023 0 0 0
5520 664210 0 0 0
5540 663427 0 0 0
5560 662674 0 0 0
5580 661952 0 0 0
5600 661264 0 0 0
5620 660609 0 0 0
5640 659991 0 0 0
5660 659409 0 0 0
5680 658864 0 0 0
5700 658358 0 0 0
5720 657890 0 0 0
5740 657461 0 0 0
5760 657073 0 0 0
5780 656724 0 0 0
5800 656415 0 0 0
5820 656145 0 0 0
5840 655916 0 0 0
5860 655725 0 0 0
5880 655574 0 0 0
5900 655461 0 0 0
5920 655385 0 0 0
5940 655346 0 0 0
5960 655343 0 0 0
5980 655375 0 0 0
6000 655441 0 0 0
6020 655540 0 0 0
6040 655671 0 0 0
6060 655833 0 0 0
6080 656024 0 0 0
6100 656244 0 0 0
6120 656492 0 0 0
6140 656766 0 0 0
6160 657066 0 0 0
6180 657390 0 0 0
6200 657737 0 0 0
6220 658106 0 0 0
6240 658498 0 0 0
6260 658910 0 0 0
6280 659342 0 0 0
6300 659793 0 0 0
6320 660263 0 0 0
6340 660751 0 0 0
6360 661257 0 0 0
6380 661781 0 0 0
6400 662321 0 0 0
6420 662878 0 0 0
6440 663451 0 0 0
6460 664041 0 0 0
6480 664648 0 0 0
6500 665270 0 0 0
6520 665910 0 0 0
6540 666566 0 0 0
6560 667239 0 0 0
6580 667930 0 0 0
6600 668638 0 0 0
6620 669364 0 0 0
6640 670109 0 0 0
6660 670872 0 0 0
6680 671656 0 0 0
6700 672459 0 0 0
6720 673284 0 0 0
6740 674130 0 0 0
6760 674998 0 0 0
6780 675889 0 0 0
6800 676804 0 0 0
6820 677743 0 0 0
6840 678707 0 0 0
6860 679697 0 0 0
6880 680713 0 0 0
6900 681757 0 0 0
6920 682829 0 0 0
6940 683929 0 0 0
6960 685059 0 0 0
6980 686218 0 0 0
7000 687408 0 0 0
7020 688629 0 0 0
7040 689880 0 0 0
7060 691164 0 0 0
7080 692479 0 0 0
7100 693825 0 0 0
7120 695204 0 0 0
7140 696614 0 0 0
7160 698056 0 0 0
7180 699529 0 0 0
7200 701033 0 0 0
7220 702568 0 0 0
7240 704131 0 0 0
7260 705724 0 0 0
7280 707344 0 0 0
7300 708991 0 0 0
7320 710663 0 0 0
7340 712358 0 0 0
7360 714077 0 0 0
7380 715815 0 0 0
7400 717573 0 0 0
7420 719347 0 0 0
7440 721137 0 0 0
7460 722939 0 0 0
7480 724752 0 0 0
7500 726573 0 0 0
7520 728400 0 0 0
7540 730231 0 0 0
7560 732063 0 0 0
7580 733894 0 0 0
7600 735721 0 0 0
7620 737542 0 0 0
7640 739354 0 0 0
7660 741155 0 0 0
7680 742944 0 0 0
7700 744716 0 0 0
7720 746472 0 0 0
7740 748207 0 0 0
7760 749921 0 0 0
7780 751611 0 0 0
7800 753276 0 0 0
7820 754914 0 0 0
7840 756524 0 0 0
7860 758104 0 0 0
7880 759653 0 0 0
7900 761170 0 0 0
7920 762654 0 0 0
7940 764105 0 0 0
7960 765520 0 0 0
7980 766901 0 0 0
8000 768247 0 0 0
8020 769557 0 0 0
8040 770831 0 0 0
8060 772068 0 0 0
8080 773270 0 0 0
8100 774437 0 0 0
8120 775567 0 0 0
8140 776662 0 0 0
8160 777722 0 0 0
8180 778748 0 0 0
8200 779739 0 0 0
8220 780697 0 0 0
8240 781621 0 0 0
8260 782513 0 0 0
8280 783374 0 0 0
8300 784203 0 0 0
8320 785001 0 0 0
8340 785769 0 0 0
8360 786508 0 0 0
8380 787218 0 0 0
8400 787900 0 0 0
8420 788554 0 0 0
8440 789181 0 0 0
8460 789781 0 0 0
8480 790356 0 0 0
8500 790905 0 0 0
8520 791429 0 0 0
8540 791928 0 0 0
8560 792403 0 0 0
8580 792853 0 0 0
8600 793279 0 0 0
8620 793682 0 0 0
8640 794061 0 0 0
8660 794416 0 0 0
8680 794748 0 0 0
8700 795056 0 0 0
8720 795340 0 0 0
8740 795600 0 0 0
8760 795836 0 0 0
8780 796047 0 0 0
8800 796233 0 0 0
8820 796394 0 0 0
8840 796529 0 0 0
8860 796638 0 0 0
8880 796719 0 0 0
8900 796773 0 0 0
8920 796799 0 0 0
8940 796796 0 0 0
8960 796763 0 0 0
8980 796699 0 0 0
9000 796603 0 0 0
9020 796476 0 0 0
9040 796315 0 0 0
9060 796120 0 0 0
9080 795891 0 0 0
9100 795625 0 0 0
9120 795323 0 0 0
9140 794983 0 0 0
9160 794605 0 0 0
9180 794188 0 0 0
9200 793731 0 0 0
9220 793233 0 0 0
9240 792695 0 0 0
9260 792115 0 0 0
9280 791494 0 0 0
9300 790830 0 0 0
9320 790125 0 0 0
9340 789377 0 0 0
9360 788587 0 0 0
9380 787755 0 0 0
9400 786881 0 0 0
9420 785967 0 0 0
9440 785012 0 0 0
9460 784018 0 0 0
9480 782985 0 0 0
9500 781915 0 0 0
9520 780809 0 0 0
9540 779668 0 0 0
9560 778494 0 0 0
9580 777288 0 0 0
9600 776052 0 0 0
9620 774789 0 0 0
9640 773499 0 0 0
9660 772185 0 0 0
9680 770849 0 0 0
9700 769494 0 0 0
9720 768121 0 0 0
9740 766732 0 0 0
9760 765330 0 0 0
9780 763916 0 0 0
9800 762494 0 0 0
9820 761065 0 0 0
9840 759631 0 0 0
9860 758194 0 0 0
9880 756756 0 0 0
9900 755319 0 0 0
9920 753885 0 0 0
9940 752455 0 0 0
9960 751031 0 0 0
9980 749614 0 0 0
10000 748206 0 0 0
10020 746808 0 0 0
10040 745420 0 0 0
10060 744045 0 0 0
10080 742683 0 0 0
10100 741334 0 0 0
10120 740000 0 0 0
10140 738680 0 0 0
10160 737376 0 0 0
10180 736087 0 0 0
10200 734814 0 0 0
10220 733557 0 0 0
10240 732316 0 0 0
10260 731092 0 0 0
10280 729883 0 0 0
10300 728690 0 0 0
10320 727512 0 0 0
10340 726350 0 0 0
10360 725202 0 0 0
10380 724069 0 0 0
10400 722950 0 0 0
10420 721844 0 0 0
10440 720751 0 0 0
10460 719671 0 0 0
10480 718602 0 0 0
10500 717545 0 0 0
10520 716498 0 0 0
10540 715461 0 0 0
10560 714433 0 0 0
10580 713414 0 0 0
10600 712402 0 0 0
10620 711398 0 0 0
10640 710401 0 0 0
10660 709409 0 0 0
10680 708422 0 0 0
10700 707441 0 0 0
10720 706463 0 0 0
10740 705489 0 0 0
10760 704517 0 0 0
10780 703548 0 0 0
10800 702581 0 0 0
10820 701616 0 0 0
10840 700651 0 0 0
10860 699687 0 0 0
10880 698723 0 0 0
10900 697759 0 0 0
10920 696794 0 0 0
10940 695830 0 0 0
10960 694864 0 0 0
10980 693898 0 0 0
11000 692931 0 0 0
11020 691964 0 0 0
11040 690996 0 0 0
11060 690028 0 0 0
11080 689059 0 0 0
11100 688091 0 0 0
11120 687124 0 0 0
11140 686158 0 0 0
11160 685194 0 0 0
11180 684232 0 0 0
11200 683274 0 0 0
11220 682320 0 0 0
11240 681370 0 0 0
11260 680427 0 0 0
11280 679492 0 0 0
11300 678564 0 0 0
11320 677646 0 0 0
11340 676739 0 0 0
11360 675845 0 0 0
11380 674964 0 0 0
11400 674098 0 0 0
11420 673249 0 0 0
11440 672419 0 0 0
11460 671608 0 0 0
11480 670819 0 0 0
11500 670054 0 0 0
11520 669313 0 0 0
11540 668599 0 0 0
11560 667912 0 0 0
11580 667255 0 0 0
11600 666629 0 0 0
11620 666035 0 0 0
11640 665475 0 0 0
11660 664950 0 0 0
11680 664460 0 0 0
11700 664008 0 0 0
11720 663593 0 0 0
11740 663216 0 0 0
11760 662878 0 0 0
11780 662580 0 0 0
11800 662322 0 0 0
11820 662103 0 0 0
11840 661924 0 0 0
11860 661785 0 0 0
11880 661685 0 0 0
11900 661625 0 0 0
11920 661602 0 0 0
11940 661618 0 0 0
11960 661671 0 0 0
11980 661760 0 0 0
12000 661884 0 0 0
12020 662043 0 0 0
12040 662235 0 0 0
12060 662459 0 0 0
12080 662714 0 0 0
12100 662999 0 0 0
12120 663312 0 0 0
12140 663653 0 0 0
12160 664020 0 0 0
12180 664413 0 0 0
12200 664830 0 0 0
12220 665269 0 0 0
12240 665731 0 0 0
12260 666214 0 0 0
12280 666717 0 0 0
12300 667239 0 0 0
12320 667780 0 0 0
12340 668338 0 0 0
12360 668914 0 0 0
12380 669507 0 0 0
12400 670116 0 0 0
12420 670741 0 0 0
12440 671382 0 0 0
12460 672038 0 0 0
12480 672709 0 0 0
12500 673395 0 0 0
12520 674097 0 0 0
12540 674813 0 0 0
12560 675545 0 0 0
12580 676293 0 0 0
12600 677057 0 0 0
12620 677836 0 0 0
12640 678633 0 0 0
12660 679446 0 0 0
12680 680277 0 0 0
12700 681126 0 0 0
12720 681993 0 0 0
12740 682880 0 0 0
12760 683786 0 0 0
12780 684712 0 0 0
12800 685660 0 0 0
12820 686630 0 0 0
12840 687621 0 0 0
12860 688636 0 0 0
12880 689675 0 0 0
12900 690738 0 0 0
12920 691826 0 0 0
12940 692940 0 0 0
12960 694080 0 0 0
12980 695246 0 0 0
13000 696440 0 0 0
13020 697662 0 0 0
13040 698911 0 0 0
13060 700189 0 0 0
13080 701495 0 0 0
13100 702830 0 0 0
13120 704194 0 0 0
13140 705587 0 0 0
13160 707007 0 0 0
13180 708456 0 0 0
13200 709933 0 0 0
13220 711438 0 0 0
13240 712969 0 0 0
13260 714526 0 0 0
13280 716108 0 0 0
13300 717714 0 0 0
13320 719344 0 0 0
13340 720995 0 0 0
13360 722667 0 0 0
13380 724357 0 0 0
13400 726065 0 0 0
13420 727789 0 0 0
13440 729527 0 0 0
13460 731277 0 0 0
13480 733037 0 0 0
13500 734804 0 0 0
13520 736578 0 0 0
13540 738356 0 0 0
13560 740135 0 0 0
13580 741913 0 0 0
13600 743689 0 0 0
13620 745459 0 0 0
13640 747222 0 0 0
13660 748976 0 0 0
13680 750718 0 0 0
13700 752446 0 0 0
13720 754158 0 0 0
13740 755853 0 0 0
13760 757527 0 0 0
13780 759180 0 0 0
13800 760810 0 0 0
13820 762415 0 0 0
13840 763993 0 0 0
13860 765544 0 0 0
13880 767065 0 0 0
13900 768556 0 0 0
13920 770016 0 0 0
13940 771444 0 0 0
13960 772838 0 0 0
13980 774199 0 0 0
14000 775526 0 0 0
14020 776818 0 0 0
14040 778075 0 0 0
14060 779297 0 0 0
14080 780483 0 0 0
14100 781634 0 0 0
14120 782750 0 0 0
14140 783830 0 0 0
14160 784876 0 0 0
14180 785887 0 0 0
14200 786863 0 0 0
14220 787805 0 0 0
14240 788714 0 0 0
14260 789590 0 0 0
14280 790433 0 0 0
14300 791244 0 0 0
14320 792024 0 0 0
14340 792773 0 0 0
14360 793492 0 0 0
14380 794181 0 0 0
14400 794840 0 0 0
14420 795471 0 0 0
14440 796075 0 0 0
14460 796650 0 0 0
14480 797199 0 0 0
14500 797721 0 0 0
14520 798217 0 0 0
14540 798687 0 0 0
14560 799132 0 0 0
14580 799552 0 0 0
14600 799947 0 0 0
14620 800317 0 0 0
14640 800664 0 0 0
14660 800985 0 0 0
14680 801283 0 0 0
14700 801556 0 0 0
14720 801806 0 0 0
14740 802030 0 0 0
14760 802230 0 0 0
14780 802406 0 0 0
14800 802556 0 0 0
14820 802680 0 0 0
14840 802779 0 0 0
14860 802851 0 0 0
14880 802896 0 0 0
14900 802913 0 0 0
14920 802903 0 0 0
14940 802863 0 0 0
14960 802794 0 0 0
14980 802694 0 0 0
15000 802563 0 0 0
15020 802400 0 0 0
15040 802204 0 0 0
15060 801974 0 0 0
15080 801709 0 0 0
15100 801408 0 0 0
15120 801071 0 0 0
15140 800696 0 0 0
15160 800282 0 0 0
15180 799830 0 0 0
15200 799337 0 0 0
15220 798804 0 0 0
15240 798229 0 0 0
15260 797612 0 0 0
15280 796952 0 0 0
15300 796250 0 0 0
15320 795505 0 0 0
15340 794716 0 0 0
15360 793884 0 0 0
15380 793009 0 0 0
15400 792091 0 0 0
15420 791131 0 0 0
15440 790128 0 0 0
15460 789085 0 0 0
15480 788001 0 0 0
15500 786878 0 0 0
15520 785717 0 0 0
15540 784520 0 0 0
15560 783288 0 0 0
15580 782022 0 0 0
15600 780725 0 0 0
15620 779399 0 0 0
15640 778045 0 0 0
15660 776665 0 0 0
15680 775263 0 0 0
15700 773840 0 0 0
15720 772398 0 0 0
15740 770940 0 0 0
15760 769468 0 0 0
15780 767985 0 0 0
15800 766493 0 0 0
15820 764994 0 0 0
15840 763491 0 0 0
15860 761986 0 0 0
15880 760481 0 0 0
15900 758977 0 0 0
15920 757478 0 0 0
15940 755984 0 0 0
15960 754499 0 0 0
15980 753022 0 0 0
16000 751556 0 0 0
16020 750102 0 0 0
16040 748661 0 0 0
16060 747235 0 0 0
16080 745825 0 0 0
16100 744430 0 0 0
16120 743053 0 0 0
16140 741694 0 0 0
16160 740353 0 0 0
16180 739030 0 0 0
16200 737727 0 0 0
16220 736442 0 0 0
16240 735177 0 0 0
16260 733931 0 0 0
16280 732704 0 0 0
16300 731496 0 0 0
16320 730307 0 0 0
16340 729136 0 0 0
16360 727984 0 0 0
16380 726849 0 0 0
16400 725731 0 0 0
16420 724630 0 0 0
16440 723545 0 0 0
16460 722476 0 0 0
16480 721422 0 0 0
16500 720382 0 0 0
16520 719356 0 0 0
16540 718342 0 0 0
16560 717341 0 0 0
16580 716352 0 0 0
16600 715374 0 0 0
16620 714406 0 0 0
16640 713447 0 0 0
16660 712497 0 0 0
16680 711556 0 0 0
16700 710622 0 0 0
16720 709695 0 0 0
16740 708775 0 0 0
16760 707860 0 0 0
16780 706950 0 0 0
16800 706045 0 0 0
16820 705144 0 0 0
16840 704246 0 0 0
16860 703351 0 0 0
16880 702460 0 0 0
16900 701570 0 0 0
16920 700682 0 0 0
16940 699796 0 0 0
16960 698912 0 0 0
16980 698029 0 0 0
17000 697146 0 0 0
17020 696265 0 0 0
17040 695385 0 0 0
17060 694506 0 0 0
17080 693628 0 0 0
17100 692751 0 0 0
17120 691875 0 0 0
17140 691002 0 0 0
17160 690130 0 0 0
17180 689262 0 0 0
17200 688396 0 0 0
17220 687534 0 0 0
17240 686677 0 0 0
17260 685825 0 0 0
17280 684978 0 0 0
17300 684139 0 0 0
17320 683308 0 0 0
17340 682485 0 0 0
17360 681673 0 0 0
17380 680872 0 0 0
17400 680083 0 0 0
17420 679309 0 0 0
17440 678549 0 0 0
17460 677807 0 0 0
17480 677082 0 0 0
17500 676377 0 0 0
17520 675694 0 0 0
17540 675033 0 0 0
17560 674396 0 0 0
17580 673785 0 0 0
17600 673202 0 0 0
17620 672647 0 0 0
17640 672122 0 0 0
17660 671629 0 0 0
17680 671168 0 0 0
17700 670742 0 0 0
17720 670351 0 0 0
17740 669996 0 0 0
17760 669678 0 0 0
17780 669398 0 0 0
17800 669156 0 0 0
17820 668954 0 0 0
17840 668790 0 0 0
17860 668667 0 0 0
17880 668583 0 0 0
17900 668539 0 0 0
17920 668535 0 0 0
17940 668569 0 0 0
17960 668643 0 0 0
17980 668754 0 0 0
18000 668903 0 0 0
18020 669088 0 0 0
18040 669309 0 0 0
18060 669564 0 0 0
18080 669853 0 0 0
18100 670174 0 0 0
18120 670527 0 0 0
18140 670909 0 0 0
18160 671321 0 0 0
18180 671760 0 0 0
18200 672225 0 0 0
18220 672715 0 0 0
18240 673230 0 0 0
18260 673767 0 0 0
18280 674326 0 0 0
18300 674905 0 0 0
18320 675504 0 0 0
18340 676122 0 0 0
18360 676758 0 0 0
18380 677411 0 0 0
18400 678080 0 0 0
18420 678765 0 0 0
18440 679465 0 0 0
18460 680180 0 0 0
18480 680910 0 0 0
18500 681654 0 0 0
18520 682412 0 0 0
18540 683183 0 0 0
18560 683969 0 0 0
18580 684768 0 0 0
18600 685581 0 0 0
18620 686409 0 0 0
18640 687251 0 0 0
18660 688107 0 0 0
18680 688978 0 0 0
18700 689865 0 0 0
18720 690768 0 0 0
18740 691687 0 0 0
18760 692622 0 0 0
18780 693575 0 0 0
18800 694546 0 0 0
18820 695536 0 0 0
18840 696544 0 0 0
18860 697573 0 0 0
18880 698622 0 0 0
18900 699691 0 0 0
18920 700783 0 0 0
18940 701896 0 0 0
18960 703033 0 0 0
18980 704192 0 0 0
19000 705375 0 0 0
19020 706583 0 0 0
19040 707815 0 0 0
19060 709072 0 0 0
19080 710354 0 0 0
19100 711661 0 0 0
19120 712994 0 0 0
19140 714353 0 0 0
19160 715737 0 0 0
19180 717147 0 0 0
19200 718582 0 0 0
19220 720041 0 0 0
19240 721525 0 0 0
19260 723033 0 0 0
19280 724564 0 0 0
19300 726118 0 0 0
19320 727692 0 0 0
19340 729288 0 0 0
19360 730903 0 0 0
19380 732536 0 0 0
19400 734186 0 0 0
19420 735851 0 0 0
19440 737530 0 0 0
19460 739222 0 0 0
19480 740924 0 0 0
19500 742635 0 0 0
19520 744353 0 0 0
19540 746076 0 0 0
19560 747802 0 0 0
19580 749530 0 0 0
19600 751256 0 0 0
19620 752979 0 0 0
19640 754698 0 0 0
19660 756409 0 0 0
19680 758112 0 0 0
19700 759803 0 0 0
19720 761482 0 0 0
19740 763145 0 0 0
19760 764792 0 0 0
19780 766420 0 0 0
19800 768028 0 0 0
19820 769614 0 0 0
19840 771176 0 0 0
19860 772714 0 0 0
19880 774225 0 0 0
19900 775708 0 0 0
19920 777163 0 0 0
19940 778587 0 0 0
19960 779981 0 0 0
19980 781344 0 0 0
20000 782674 0 0 0
20020 783970 0 0 0
20040 785234 0 0 0
20060 786463 0 0 0
20080 787658 0 0 0
20100 788819 0 0 0
20120 789944 0 0 0
20140 791035 0 0 0
20160 792092 0 0 0
20180 793114 0 0 0
20200 794101 0 0 0
20220 795054 0 0 0
20240 795973 0 0 0
20260 796859 0 0 0
20280 797712 0 0 0
20300 798531 0 0 0
20320 799319 0 0 0
20340 800075 0 0 0
20360 800799 0 0 0
20380 801493 0 0 0
20400 802156 0 0 0
20420 802790 0 0 0
20440 803395 0 0 0
20460 803971 0 0 0
20480 804518 0 0 0
20500 805039 0 0 0
20520 805531 0 0 0
20540 805998 0 0 0
20560 806438 0 0 0
20580 806852 0 0 0
20600 807240 0 0 0
20620 807603 0 0 0
20640 807941 0 0 0
20660 808254 0 0 0
20680 808543 0 0 0
20700 808807 0 0 0
20720 809047 0 0 0
20740 809262 0 0 0
20760 809452 0 0 0
20780 809618 0 0 0
20800 809759 0 0 0
20820 809874 0 0 0
20840 809965 0 0 0
20860 810029 0 0 0
20880 810068 0 0 0
20900 810079 0 0 0
20920 810064 0 0 0
20940 810021 0 0 0
20960 809949 0 0 0
20980 809848 0 0 0
21000 809717 0 0 0
21020 809556 0 0 0
21040 809363 0 0 0
21060 809137 0 0 0
21080 808878 0 0 0
21100 808585 0 0 0
21120 808257 0 0 0
21140 807892 0 0 0
21160 807490 0 0 0
21180 807050 0 0 0
21200 806572 0 0 0
21220 806053 0 0 0
21240 805493 0 0 0
21260 804892 0 0 0
21280 804249 0 0 0
21300 803563 0 0 0
21320 802833 0 0 0
21340 802060 0 0 0
21360 801242 0 0 0
21380 800380 0 0 0
21400 799473 0 0 0
21420 798522 0 0 0
21440 797527 0 0 0
21460 796488 0 0 0
21480 795406 0 0 0
21500 794282 0 0 0
21520 793116 0 0 0
21540 791910 0 0 0
21560 790665 0 0 0
21580 789383 0 0 0
21600 788064 0 0 0
21620 786712 0 0 0
21640 785327 0 0 0
21660 783913 0 0 0
21680 782471 0 0 0
21700 781004 0 0 0
21720 779513 0 0 0
21740 778002 0 0 0
21760 776473 0 0 0
21780 774929 0 0 0
21800 773372 0 0 0
21820 771806 0 0 0
21840 770231 0 0 0
21860 768652 0 0 0
21880 767070 0 0 0
21900 765488 0 0 0
21920 763908 0 0 0
21940 762333 0 0 0
21960 760765 0 0 0
21980 759205 0 0 0
22000 757656 0 0 0
22020 756120 0 0 0
22040 754597 0 0 0
22060 753089 0 0 0
22080 751598 0 0 0
22100 750125 0 0 0
22120 748671 0 0 0
22140 747237 0 0 0
22160 745824 0 0 0
22180 744431 0 0 0
22200 743061 0 0 0
22220 741712 0 0 0
22240 740386 0 0 0
22260 739082 0 0 0
22280 737801 0 0 0
22300 736542 0 0 0
22320 735306 0 0 0
22340 734092 0 0 0
22360 732899 0 0 0
22380 731729 0 0 0
22400 730579 0 0 0
22420 729450 0 0 0
22440 728341 0 0 0
22460 727251 0 0 0
22480 726181 0 0 0
22500 725129 0 0 0
22520 724094 0 0 0
22540 723076 0 0 0
22560 722075 0 0 0
22580 721089 0 0 0
22600 720118 0 0 0
22620 719161 0 0 0
22640 718217 0 0 0
22660 717286 0 0 0
22680 716367 0 0 0
22700 715460 0 0 0
22720 714562 0 0 0
22740 713675 0 0 0
22760 712797 0 0 0
22780 711927 0 0 0
22800 711065 0 0 0
22820 710211 0 0 0
22840 709363 0 0 0
22860 708522 0 0 0
22880 707686 0 0 0
22900 706855 0 0 0
22920 706029 0 0 0
22940 705208 0 0 0
22960 704390 0 0 0
22980 703576 0 0 0
23000 702766 0 0 0
23020 701958 0 0 0
23040 701154 0 0 0
23060 700352 0 0 0
23080 699553 0 0 0
23100 698757 0 0 0
23120 697963 0 0 0
23140 697173 0 0 0
23160 696385 0 0 0
23180 695600 0 0 0
23200 694818 0 0 0
23220 694040 0 0 0
23240 693267 0 0 0
23260 692497 0 0 0
23280 691733 0 0 0
23300 690975 0 0 0
23320 690222 0 0 0
23340 689477 0 0 0
23360 688740 0 0 0
23380 688011 0 0 0
23400 687292 0 0 0
23420 686584 0 0 0
23440 685888 0 0 0
23460 685204 0 0 0
23480 684535 0 0 0
23500 683881 0 0 0
23520 683244 0 0 0
23540 682624 0 0 0
23560 682025 0 0 0
23580 681445 0 0 0
23600 680889 0 0 0
23620 680355 0 0 0
23640 679847 0 0 0
23660 679366 0 0 0
23680 678912 0 0 0
23700 678488 0 0 0
23720 678094 0 0 0
23740 677733 0 0 0
23760 677404 0 0 0
23780 677110 0 0 0
23800 676851 0 0 0
23820 676629 0 0 0
23840 676444 0 0 0
23860 676296 0 0 0
23880 676187 0 0 0
23900 676117 0 0 0
23920 676087 0 0 0
23940 676096 0 0 0
23960 676144 0 0 0
23980 676232 0 0 0
24000 676359 0 0 0
24020 676525 0 0 0
24040 676729 0 0 0
24060 676971 0 0 0
24080 677250 0 0 0
24100 677565 0 0 0
24120 677915 0 0 0
24140 678299 0 0 0
24160 678716 0 0 0
24180 679165 0 0 0
24200 679644 0 0 0
24220 680152 0 0 0
24240 680689 0 0 0
24260 681252 0 0 0
24280 681840 0 0 0
24300 682453 0 0 0
24320 683088 0 0 0
24340 683746 0 0 0
24360 684423 0 0 0
24380 685120 0 0 0
24400 685836 0 0 0
24420 686569 0 0 0
24440 687318 0 0 0
24460 688084 0 0 0
24480 688864 0 0 0
24500 689659 0 0 0
24520 690468 0 0 0
24540 691290 0 0 0
24560 692125 0 0 0
24580 692973 0 0 0
24600 693834 0 0 0
24620 694707 0 0 0
24640 695592 0 0 0
24660 696490 0 0 0
24680 697401 0 0 0
24700 698324 0 0 0
24720 699261 0 0 0
24740 700210 0 0 0
24760 701173 0 0 0
24780 702151 0 0 0
24800 703142 0 0 0
24820 704149 0 0 0
24840 705171 0 0 0
24860 706209 0 0 0
24880 707264 0 0 0
24900 708335 0 0 0
24920 709424 0 0 0
24940 710532 0 0 0
24960 711658 0 0 0
24980 712803 0 0 0
25000 713968 0 0 0
25020 715153 0 0 0
25040 716360 0 0 0
25060 717587 0 0 0
25080 718836 0 0 0
25100 720106 0 0 0
25120 721399 0 0 0
25140 722714 0 0 0
25160 724052 0 0 0
25180 725412 0 0 0
25200 726795 0 0 0
25220 728200 0 0 0
25240 729627 0 0 0
25260 731076 0 0 0
25280 732546 0 0 0
25300 734037 0 0 0
25320 735549 0 0 0
25340 737080 0 0 0
25360 738631 0 0 0
25380 740199 0 0 0
25400 741784 0 0 0
25420 743385 0 0 0
25440 745000 0 0 0
25460 746629 0 0 0
25480 748270 0 0 0
25500 749921 0 0 0
25520 751581 0 0 0
25540 753249 0 0 0
25560 754922 0 0 0
25580 756599 0 0 0
25600 758278 0 0 0
25620 759957 0 0 0
25640 761635 0 0 0
25660 763309 0 0 0
25680 764978 0 0 0
25700 766640 0 0 0
25720 768293 0 0 0
25740 769935 0 0 0
25760 771565 0 0 0
25780 773180 0 0 0
25800 774778 0 0 0
25820 776359 0 0 0
25840 777920 0 0 0
25860 779461 0 0 0
25880 780978 0 0 0
25900 782472 0 0 0
25920 783941 0 0 0
25940 785383 0 0 0
25960 786798 0 0 0
25980 788184 0 0 0
26000 789540 0 0 0
26020 790866 0 0 0
26040 792160 0 0 0
26060 793423 0 0 0
26080 794654 0 0 0
26100 795851 0 0 0
26120 797015 0 0 0
26140 798146 0 0 0
26160 799242 0 0 0
26180 800305 0 0 0
26200 801334 0 0 0
26220 802329 0 0 0
26240 803289 0 0 0
26260 804216 0 0 0
26280 805110 0 0 0
26300 805970 0 0 0
26320 806798 0 0 0
26340 807592 0 0 0
26360 808355 0 0 0
26380 809085 0 0 0
26400 809784 0 0 0
26420 810453 0 0 0
26440 811091 0 0 0
26460 811698 0 0 0
26480 812277 0 0 0
26500 812826 0 0 0
26520 813347 0 0 0
26540 813840 0 0 0
26560 814306 0 0 0
26580 814744 0 0 0
26600 815156 0 0 0
26620 815541 0 0 0
26640 815901 0 0 0
26660 816235 0 0 0
26680 816544 0 0 0
26700 816827 0 0 0
26720 817086 0 0 0
26740 817320 0 0 0
26760 817530 0 0 0
26780 817715 0 0 0
26800 817876 0 0 0
26820 818012 0 0 0
26840 818124 0 0 0
26860 818211 0 0 0
26880 818273 0 0 0
26900 818310 0 0 0
26920 818321 0 0 0
26940 818306 0 0 0
26960 818264 0 0 0
26980 818196 0 0 0
27000 818100 0 0 0
27020 817976 0 0 0
27040 817823 0 0 0
27060 817641 0 0 0
27080 817428 0 0 0
27100 817183 0 0 0
27120 816907 0 0 0
27140 816597 0 0 0
27160 816254 0 0 0
27180 815875 0 0 0
27200 815461 0 0 0
27220 815009 0 0 0
27240 814520 0 0 0
27260 813991 0 0 0
27280 813423 0 0 0
27300 812813 0 0 0
27320 812162 0 0 0
27340 811468 0 0 0
27360 810730 0 0 0
27380 809949 0 0 0
27400 809123 0 0 0
27420 808252 0 0 0
27440 807335 0 0 0
27460 806373 0 0 0
27480 805365 0 0 0
27500 804312 0 0 0
27520 803213 0 0 0
27540 802070 0 0 0
27560 800882 0 0 0
27580 799652 0 0 0
27600 798379 0 0 0
27620 797065 0 0 0
27640 795712 0 0 0
27660 794321 0 0 0
27680 792895 0 0 0
27700 791434 0 0 0
27720 789942 0 0 0
27740 788421 0 0 0
27760 786872 0 0 0
27780 785300 0 0 0
27800 783706 0 0 0
27820 782093 0 0 0
27840 780464 0 0 0
27860 778823 0 0 0
27880 777171 0 0 0
27900 775511 0 0 0
27920 773848 0 0 0
27940 772182 0 0 0
27960 770517 0 0 0
27980 768856 0 0 0
28000 767201 0 0 0
28020 765555 0 0 0
28040 763919 0 0 0
28060 762296 0 0 0
28080 760687 0 0 0
28100 759095 0 0 0
28120 757521 0 0 0
28140 755967 0 0 0
28160 754434 0 0 0
28180 752923 0 0 0
28200 751435 0 0 0
28220 749971 0 0 0
28240 748532 0 0 0
28260 747117 0 0 0
28280 745728 0 0 0
28300 744365 0 0 0
28320 743028 0 0 0
28340 741717 0 0 0
28360 740432 0 0 0
28380 739173 0 0 0
28400 737940 0 0 0
28420 736731 0 0 0
28440 735547 0 0 0
28460 734388 0 0 0
28480 733252 0 0 0
28500 732140 0 0 0
28520 731050 0 0 0
28540 729983 0 0 0
28560 728936 0 0 0
28580 727910 0 0 0
28600 726904 0 0 0
28620 725916 0 0 0
28640 724948 0 0 0
28660 723996 0 0 0
28680 723061 0 0 0
28700 722143 0 0 0
28720 721239 0 0 0
28740 720350 0 0 0
28760 719475 0 0 0
28780 718612 0 0 0
28800 717762 0 0 0
28820 716924 0 0 0
28840 716096 0 0 0
28860 715279 0 0 0
28880 714471 0 0 0
28900 713672 0 0 0
28920 712881 0 0 0
28940 712099 0 0 0
28960 711324 0 0 0
28980 710555 0 0 0
29000 709793 0 0 0
29020 709037 0 0 0
29040 708287 0 0 0
29060 707543 0 0 0
29080 706803 0 0 0
29100 706068 0 0 0
29120 705338 0 0 0
29140 704612 0 0 0
29160 703891 0 0 0
29180 703174 0 0 0
29200 702461 0 0 0
29220 701752 0 0 0
29240 701049 0 0 0
29260 700349 0 0 0
29280 699655 0 0 0
29300 698966 0 0 0
29320 698282 0 0 0
29340 697604 0 0 0
29360 696933 0 0 0
29380 696268 0 0 0
29400 695610 0 0 0
29420 694961 0 0 0
29440 694321 0 0 0
29460 693690 0 0 0
29480 693069 0 0 0
29500 692460 0 0 0
29520 691863 0 0 0
29540 691279 0 0 0
29560 690710 0 0 0
29580 690155 0 0 0
29600 689618 0 0 0
29620 689098 0 0 0
29640 688597 0 0 0
29660 688117 0 0 0
29680 687658 0 0 0
29700 687223 0 0 0
29720 686811 0 0 0
29740 686425 0 0 0
29760 686066 0 0 0
29780 685736 0 0 0
29800 685435 0 0 0
29820 685165 0 0 0
29840 684927 0 0 0
29860 684722 0 0 0
29880 684551 0 0 0
29900 684416 0 0 0
29920 684317 0 0 0
29940 684255 0 0 0
29960 684230 0 0 0
29980 684244 0 0 0
30000 684297 0 0 0
30020 684388 0 0 0
30040 684519 0 0 0
30060 684690 0 0 0
30080 684899 0 0 0
30100 685148 0 0 0
30120 685435 0 0 0
30140 685760 0 0 0
30160 686123 0 0 0
30180 686522 0 0 0
30200 686958 0 0 0
30220 687428 0 0 0
30240 687932 0 0 0
30260 688469 0 0 0
30280 689037 0 0 0
30300 689636 0 0 0
30320 690264 0 0 0
30340 690919 0 0 0
30360 691600 0 0 0
30380 692306 0 0 0
30400 693036 0 0 0
30420 693789 0 0 0
30440 694562 0 0 0
30460 695355 0 0 0
30480 696166 0 0 0
30500 696996 0 0 0
30520 697842 0 0 0
30540 698703 0 0 0
30560 699579 0 0 0
30580 700469 0 0 0
30600 701373 0 0 0
30620 702289 0 0 0
30640 703218 0 0 0
30660 704158 0 0 0
30680 705109 0 0 0
30700 706072 0 0 0
30720 707046 0 0 0
30740 708032 0 0 0
30760 709028 0 0 0
30780 710035 0 0 0
30800 711054 0 0 0
30820 712084 0 0 0
30840 713125 0 0 0
30860 714179 0 0 0
30880 715245 0 0 0
30900 716325 0 0 0
30920 717417 0 0 0
30940 718523 0 0 0
30960 719644 0 0 0
30980 720779 0 0 0
31000 721929 0 0 0
31020 723095 0 0 0
31040 724278 0 0 0
31060 725477 0 0 0
31080 726694 0 0 0
31100 727928 0 0 0
31120 729180 0 0 0
31140 730450 0 0 0
31160 731740 0 0 0
31180 733048 0 0 0
31200 734376 0 0 0
31220 735723 0 0 0
31240 737089 0 0 0
31260 738475 0 0 0
31280 739880 0 0 0
31300 741305 0 0 0
31320 742748 0 0 0
31340 744210 0 0 0
31360 745690 0 0 0
31380 747188 0 0 0
31400 748703 0 0 0
31420 750234 0 0 0
31440 751781 0 0 0
31460 753343 0 0 0
31480 754918 0 0 0
31500 756505 0 0 0
31520 758104 0 0 0
31540 759713 0 0 0
31560 761330 0 0 0
31580 762955 0 0 0
31600 764586 0 0 0
31620 766221 0 0 0
31640 767858 0 0 0
31660 769497 0 0 0
31680 771135 0 0 0
31700 772771 0 0 0
31720 774403 0 0 0
31740 776029 0 0 0
31760 777648 0 0 0
31780 779257 0 0 0
31800 780856 0 0 0
31820 782442 0 0 0
31840 784013 0 0 0
31860 785569 0 0 0
31880 787108 0 0 0
31900 788627 0 0 0
31920 790126 0 0 0
31940 791604 0 0 0
31960 793058 0 0 0
31980 794488 0 0 0
32000 795893 0 0 0
32020 797270 0 0 0
32040 798621 0 0 0
32060 799942 0 0 0
32080 801234 0 0 0
32100 802496 0 0 0
32120 803728 0 0 0
32140 804927 0 0 0
32160 806095 0 0 0
32180 807231 0 0 0
32200 808334 0 0 0
32220 809403 0 0 0
32240 810440 0 0 0
32260 811444 0 0 0
32280 812414 0 0 0
32300 813351 0 0 0
32320 814254 0 0 0
32340 815125 0 0 0
32360 815963 0 0 0
32380 816768 0 0 0
32400 817540 0 0 0
32420 818281 0 0 0
32440 818990 0 0 0
32460 819668 0 0 0
32480 820315 0 0 0
32500 820931 0 0 0
32520 821518 0 0 0
32540 822074 0 0 0
32560 822602 0 0 0
32580 823101 0 0 0
32600 823572 0 0 0
32620 824016 0 0 0
32640 824432 0 0 0
32660 824821 0 0 0
32680 825184 0 0 0
32700 825521 0 0 0
32720 825832 0 0 0
32740 826117 0 0 0
32760 826378 0 0 0
32780 826614 0 0 0
32800 826826 0 0 0
32820 827013 0 0 0
32840 827175 0 0 0
32860 827314 0 0 0
32880 827429 0 0 0
32900 827519 0 0 0
32920 827585 0 0 0
32940 827628 0 0 0
32960 827645 0 0 0
32980 827638 0 0 0
33000 827606 0 0 0
33020 827549 0 0 0
33040 827465 0 0 0
33060 827356 0 0 0
33080 827220 0 0 0
33100 827057 0 0 0
33120 826865 0 0 0
33140 826645 0 0 0
33160 826396 0 0 0
33180 826116 0 0 0
33200 825805 0 0 0
33220 825462 0 0 0
33240 825086 0 0 0
33260 824676 0 0 0
33280 824231 0 0 0
33300 823750 0 0 0
33320 823232 0 0 0
33340 822676 0 0 0
33360 822081 0 0 0
33380 821445 0 0 0
33400 820768 0 0 0
33420 820049 0 0 0
33440 819287 0 0 0
33460 818481 0 0 0
33480 817630 0 0 0
33500 816734 0 0 0
33520 815791 0 0 0
33540 814803 0 0 0
33560 813767 0 0 0
33580 812685 0 0 0
33600 811556 0 0 0
33620 810380 0 0 0
33640 809159 0 0 0
33660 807891 0 0 0
33680 806580 0 0 0
33700 805224 0 0 0
33720 803826 0 0 0
33740 802388 0 0 0
33760 800910 0 0 0
33780 799395 0 0 0
33800 797845 0 0 0
33820 796262 0 0 0
33840 794650 0 0 0
33860 793009 0 0 0
33880 791344 0 0 0
33900 789657 0 0 0
33920 787951 0 0 0
33940 786230 0 0 0
33960 784496 0 0 0
33980 782752 0 0 0
34000 781002 0 0 0
34020 779249 0 0 0
34040 777496 0 0 0
34060 775745 0 0 0
34080 774000 0 0 0
34100 772264 0 0 0
34120 770539 0 0 0
34140 768827 0 0 0
34160 767131 0 0 0
34180 765452 0 0 0
34200 763794 0 0 0
34220 762157 0 0 0
34240 760544 0 0 0
34260 758955 0 0 0
34280 757392 0 0 0
34300 755855 0 0 0
34320 754347 0 0 0
34340 752866 0 0 0
34360 751415 0 0 0
34380 749993 0 0 0
34400 748601 0 0 0
34420 747238 0 0 0
34440 745904 0 0 0
34460 744601 0 0 0
34480 743326 0 0 0
34500 742080 0 0 0
34520 740863 0 0 0
34540 739674 0 0 0
34560 738512 0 0 0
34580 737377 0 0 0
34600 736268 0 0 0
34620 735184 0 0 0
34640 734126 0 0 0
34660 733091 0 0 0
34680 732079 0 0 0
34700 731089 0 0 0
34720 730121 0 0 0
34740 729173 0 0 0
34760 728246 0 0 0
34780 727337 0 0 0
34800 726446 0 0 0
34820 725573 0 0 0
34840 724716 0 0 0
34860 723875 0 0 0
34880 723049 0 0 0
34900 722237 0 0 0
34920 721438 0 0 0
34940 720653 0 0 0
34960 719879 0 0 0
34980 719117 0 0 0
35000 718366 0 0 0
35020 717624 0 0 0
35040 716893 0 0 0
35060 716171 0 0 0
35080 715457 0 0 0
35100 714752 0 0 0
35120 714055 0 0 0
35140 713365 0 0 0
35160 712682 0 0 0
35180 712005 0 0 0
35200 711336 0 0 0
35220 710673 0 0 0
35240 710016 0 0 0
35260 709364 0 0 0
35280 708719 0 0 0
35300 708080 0 0 0
35320 707447 0 0 0
35340 706820 0 0 0
35360 706199 0 0 0
35380 705584 0 0 0
35400 704975 0 0 0
35420 704374 0 0 0
35440 703779 0 0 0
35460 703192 0 0 0
35480 702613 0 0 0
35500 702043 0 0 0
35520 701481 0 0 0
35540 700929 0 0 0
35560 700387 0 0 0
35580 699856 0 0 0
35600 699336 0 0 0
35620 698830 0 0 0
35640 698336 0 0 0
35660 697857 0 0 0
35680 697393 0 0 0
35700 696945 0 0 0
35720 696515 0 0 0
35740 696104 0 0 0
35760 695712 0 0 0
35780 695340 0 0 0
35800 694991 0 0 0
35820 694665 0 0 0
35840 694364 0 0 0
35860 694088 0 0 0
35880 693839 0 0 0
35900 693618 0 0 0
35920 693427 0 0 0
35940 693266 0 0 0
35960 693137 0 0 0
35980 693040 0 0 0
36000 692978 0 0 0
36020 692950 0 0 0
36040 692958 0 0 0
36060 693003 0 0 0
36080 693085 0 0 0
36100 693204 0 0 0
36120 693362 0 0 0
36140 693559 0 0 0
36160 693794 0 0 0
36180 694069 0 0 0
36200 694383 0 0 0
36220 694735 0 0 0
36240 695126 0 0 0
36260 695555 0 0 0
36280 696022 0 0 0
36300 696526 0 0 0
36320 697066 0 0 0
36340 697641 0 0 0
36360 698250 0 0 0
36380 698893 0 0 0
36400 699567 0 0 0
36420 700272 0 0 0
36440 701006 0 0 0
36460 701768 0 0 0
36480 702557 0 0 0
36500 703371 0 0 0
36520 704209 0 0 0
36540 705070 0 0 0
36560 705951 0 0 0
36580 706853 0 0 0
36600 707772 0 0 0
36620 708710 0 0 0
36640 709663 0 0 0
36660 710632 0 0 0
36680 711615 0 0 0
36700 712612 0 0 0
36720 713621 0 0 0
36740 714642 0 0 0
36760 715675 0 0 0
36780 716718 0 0 0
36800 717772 0 0 0
36820 718835 0 0 0
36840 719909 0 0 0
36860 720992 0 0 0
36880 722085 0 0 0
36900 723187 0 0 0
36920 724300 0 0 0
36940 725422 0 0 0
36960 726554 0 0 0
36980 727696 0 0 0
37000 728850 0 0 0
37020 730014 0 0 0
37040 731189 0 0 0
37060 732377 0 0 0
37080 733576 0 0 0
37100 734789 0 0 0
37120 736014 0 0 0
37140 737253 0 0 0
37160 738506 0 0 0
37180 739773 0 0 0
37200 741056 0 0 0
37220 742353 0 0 0
37240 743666 0 0 0
37260 744995 0 0 0
37280 746340 0 0 0
37300 747701 0 0 0
37320 749079 0 0 0
37340 750473 0 0 0
37360 751884 0 0 0
37380 753311 0 0 0
37400 754754 0 0 0
37420 756213 0 0 0
37440 757687 0 0 0
37460 759177 0 0 0
37480 760681 0 0 0
37500 762200 0 0 0
37520 763732 0 0 0
37540 765276 0 0 0
37560 766832 0 0 0
37580 768398 0 0 0
37600 769975 0 0 0
37620 771559 0 0 0
37640 773151 0 0 0
37660 774749 0 0 0
37680 776352 0 0 0
37700 777957 0 0 0
37720 779565 0 0 0
37740 781173 0 0 0
37760 782779 0 0 0
37780 784383 0 0 0
37800 785983 0 0 0
37820 787576 0 0 0
37840 789162 0 0 0
37860 790738 0 0 0
37880 792304 0 0 0
37900 793857 0 0 0
37920 795396 0 0 0
37940 796920 0 0 0
37960 798426 0 0 0
37980 799915 0 0 0
38000 801383 0 0 0
38020 802831 0 0 0
38040 804256 0 0 0
38060 805657 0 0 0
38080 807034 0 0 0
38100 808385 0 0 0
38120 809709 0 0 0
38140 811005 0 0 0
38160 812273 0 0 0
38180 813512 0 0 0
38200 814720 0 0 0
38220 815898 0 0 0
38240 817046 0 0 0
38260 818161 0 0 0
38280 819245 0 0 0
38300 820296 0 0 0
38320 821315 0 0 0
38340 822302 0 0 0
38360 823256 0 0 0
38380 824177 0 0 0
38400 825065 0 0 0
38420 825921 0 0 0
38440 826745 0 0 0
38460 827536 0 0 0
38480 828295 0 0 0
38500 829022 0 0 0
38520 829718 0 0 0
38540 830383 0 0 0
38560 831017 0 0 0
38580 831621 0 0 0
38600 832194 0 0 0
38620 832738 0 0 0
38640 833253 0 0 0
38660 833739 0 0 0
38680 834197 0 0 0
38700 834627 0 0 0
38720 835030 0 0 0
38740 835406 0 0 0
38760 835755 0 0 0
38780 836079 0 0 0
38800 836376 0 0 0
38820 836649 0 0 0
38840 836896 0 0 0
38860 837119 0 0 0
38880 837317 0 0 0
38900 837491 0 0 0
38920 837641 0 0 0
38940 837768 0 0 0
38960 837871 0 0 0
38980 837950 0 0 0
39000 838006 0 0 0
39020 838039 0 0 0
39040 838048 0 0 0
39060 838034 0 0 0
39080 837996 0 0 0
39100 837933 0 0 0
39120 837847 0 0 0
39140 837736 0 0 0
39160 837600 0 0 0
39180 837439 0 0 0
39200 837252 0 0 0
39220 837038 0 0 0
39240 836797 0 0 0
39260 836529 0 0 0
39280 836232 0 0 0
39300 835906 0 0 0
39320 835549 0 0 0
39340 835162 0 0 0
39360 834742 0 0 0
39380 834290 0 0 0
39400 833804 0 0 0
39420 833282 0 0 0
39440 832725 0 0 0
39460 832130 0 0 0
39480 831496 0 0 0
39500 830824 0 0 0
39520 830110 0 0 0
39540 829355 0 0 0
39560 828558 0 0 0
39580 827716 0 0 0
39600 826830 0 0 0
39620 825899 0 0 0
39640 824921 0 0 0
39660 823897 0 0 0
39680 822825 0 0 0
39700 821705 0 0 0
39720 820538 0 0 0
39740 819323 0 0 0
39760 818060 0 0 0
39780 816750 0 0 0
39800 815393 0 0 0
39820 813990 0 0 0
39840 812542 0 0 0
39860 811051 0 0 0
39880 809518 0 0 0
39900 807945 0 0 0
39920 806334 0 0 0
39940 804687 0 0 0
39960 803007 0 0 0
39980 801296 0 0 0
40000 799558 0 0 0
40020 797795 0 0 0
40040 796010 0 0 0
40060 794207 0 0 0
40080 792389 0 0 0
40100 790560 0 0 0
40120 788722 0 0 0
40140 786880 0 0 0
40160 785037 0 0 0
40180 783196 0 0 0
40200 781360 0 0 0
40220 779532 0 0 0
40240 777716 0 0 0
40260 775915 0 0 0
40280 774130 0 0 0
40300 772364 0 0 0
40320 770621 0 0 0
40340 768901 0 0 0
40360 767206 0 0 0
40380 765539 0 0 0
40400 763901 0 0 0
40420 762292 0 0 0
40440 760714 0 0 0
40460 759169 0 0 0
40480 757655 0 0 0
40500 756175 0 0 0
40520 754727 0 0 0
40540 753313 0 0 0
40560 751933 0 0 0
40580 750585 0 0 0
40600 749271 0 0 0
40620 747989 0 0 0
40640 746739 0 0 0
40660 745521 0 0 0
40680 744334 0 0 0
40700 743177 0 0 0
40720 742050 0 0 0
40740 740952 0 0 0
40760 739881 0 0 0
40780 738838 0 0 0
40800 737821 0 0 0
40820 736829 0 0 0
40840 735862 0 0 0
40860 734919 0 0 0
40880 733997 0 0 0
40900 733098 0 0 0
40920 732219 0 0 0
40940 731361 0 0 0
40960 730521 0 0 0
40980 729700 0 0 0
41000 728896 0 0 0
41020 728109 0 0 0
41040 727337 0 0 0
41060 726581 0 0 0
41080 725838 0 0 0
41100 725110 0 0 0
41120 724394 0 0 0
41140 723691 0 0 0
41160 722999 0 0 0
41180 722319 0 0 0
41200 721649 0 0 0
41220 720990 0 0 0
41240 720340 0 0 0
41260 719700 0 0 0
41280 719068 0 0 0
41300 718445 0 0 0
41320 717831 0 0 0
41340 717224 0 0 0
41360 716626 0 0 0
41380 716035 0 0 0
41400 715452 0 0 0
41420 714876 0 0 0
41440 714307 0 0 0
41460 713746 0 0 0
41480 713193 0 0 0
41500 712647 0 0 0
41520 712109 0 0 0
41540 711579 0 0 0
41560 711057 0 0 0
41580 710544 0 0 0
41600 710039 0 0 0
41620 709544 0 0 0
41640 709058 0 0 0
41660 708583 0 0 0
41680 708118 0 0 0
41700 707664 0 0 0
41720 707223 0 0 0
41740 706793 0 0 0
41760 706378 0 0 0
41780 705976 0 0 0
41800 705589 0 0 0
41820 705219 0 0 0
41840 704864 0 0 0
41860 704528 0 0 0
41880 704210 0 0 0
41900 703912 0 0 0
41920 703635 0 0 0
41940 703379 0 0 0
41960 703147 0 0 0
41980 702938 0 0 0
42000 702755 0 0 0
42020 702598 0 0 0
42040 702468 0 0 0
42060 702368 0 0 0
42080 702296 0 0 0
42100 702256 0 0 0
42120 702248 0 0 0
42140 702272 0 0 0
42160 702330 0 0 0
42180 702423 0 0 0
42200 702552 0 0 0
42220 702717 0 0 0
42240 702919 0 0 0
42260 703158 0 0 0
42280 703435 0 0 0
42300 703751 0 0 0
42320 704106 0 0 0
42340 704499 0 0 0
42360 704931 0 0 0
42380 705401 0 0 0
42400 705910 0 0 0
42420 706457 0 0 0
42440 707041 0 0 0
42460 707662 0 0 0
42480 708319 0 0 0
42500 709011 0 0 0
42520 709738 0 0 0
42540 710497 0 0 0
42560 711288 0 0 0
42580 712110 0 0 0
42600 712961 0 0 0
42620 713839 0 0 0
42640 714745 0 0 0
42660 715675 0 0 0
42680 716630 0 0 0
42700 717606 0 0 0
42720 718604 0 0 0
42740 719621 0 0 0
42760 720656 0 0 0
42780 721709 0 0 0
42800 722777 0 0 0
42820 723860 0 0 0
42840 724956 0 0 0
42860 726065 0 0 0
42880 727186 0 0 0
42900 728319 0 0 0
42920 729461 0 0 0
42940 730613 0 0 0
42960 731775 0 0 0
42980 732946 0 0 0
43000 734125 0 0 0
43020 735312 0 0 0
43040 736508 0 0 0
43060 737712 0 0 0
43080 738925 0 0 0
43100 740146 0 0 0
43120 741375 0 0 0
43140 742613 0 0 0
43160 743860 0 0 0
43180 745116 0 0 0
43200 746382 0 0 0
43220 747658 0 0 0
43240 748944 0 0 0
43260 750241 0 0 0
43280 751549 0 0 0
43300 752869 0 0 0
43320 754200 0 0 0
43340 755544 0 0 0
43360 756900 0 0 0
43380 758269 0 0 0
43400 759651 0 0 0
43420 761046 0 0 0
43440 762455 0 0 0
43460 763877 0 0 0
43480 765313 0 0 0
43500 766762 0 0 0
43520 768225 0 0 0
43540 769700 0 0 0
43560 771189 0 0 0
43580 772690 0 0 0
43600 774202 0 0 0
43620 775726 0 0 0
43640 777261 0 0 0
43660 778806 0 0 0
43680 780360 0 0 0
43700 781923 0 0 0
43720 783492 0 0 0
43740 785068 0 0 0
43760 786649 0 0 0
43780 788234 0 0 0
43800 789822 0 0 0
43820 791411 0 0 0
43840 793000 0 0 0
43860 794587 0 0 0
43880 796172 0 0 0
43900 797752 0 0 0
43920 799326 0 0 0
43940 800893 0 0 0
43960 802451 0 0 0
43980 803999 0 0 0
44000 805534 0 0 0
44020 807056 0 0 0
44040 808563 0 0 0
44060 810054 0 0 0
44080 811527 0 0 0
44100 812981 0 0 0
44120 814414 0 0 0
44140 815826 0 0 0
44160 817216 0 0 0
44180 818581 0 0 0
44200 819921 0 0 0
44220 821235 0 0 0
44240 822523 0 0 0
44260 823782 0 0 0
44280 825014 0 0 0
44300 826216 0 0 0
44320 827388 0 0 0
44340 828530 0 0 0
44360 829641 0 0 0
44380 830720 0 0 0
44400 831769 0 0 0
44420 832785 0 0 0
44440 833769 0 0 0
44460 834721 0 0 0
44480 835641 0 0 0
44500 836529 0 0 0
44520 837384 0 0 0
44540 838207 0 0 0
44560 838998 0 0 0
44580 839757 0 0 0
44600 840485 0 0 0
44620 841181 0 0 0
44640 841846 0 0 0
44660 842481 0 0 0
44680 843084 0 0 0
44700 843658 0 0 0
44720 844202 0 0 0
44740 844717 0 0 0
44760 845204 0 0 0
44780 845661 0 0 0
44800 846091 0 0 0
44820 846493 0 0 0
44840 846869 0 0 0
44860 847217 0 0 0
44880 847539 0 0 0
44900 847836 0 0 0
44920 848107 0 0 0
44940 848354 0 0 0
44960 848575 0 0 0
44980 848773 0 0 0
45000 848946 0 0 0
45020 849096 0 0 0
45040 849222 0 0 0
45060 849326 0 0 0
45080 849406 0 0 0
45100 849463 0 0 0
45120 849498 0 0 0
45140 849511 0 0 0
45160 849501 0 0 0
45180 849468 0 0 0
45200 849413 0 0 0
45220 849335 0 0 0
45240 849234 0 0 0
45260 849110 0 0 0
45280 848963 0 0 0
45300 848792 0 0 0
45320 848597 0 0 0
45340 848378 0 0 0
45360 848134 0 0 0
45380 847864 0 0 0
45400 847568 0 0 0
45420 847246 0 0 0
45440 846896 0 0 0
45460 846518 0 0 0
45480 846110 0 0 0
45500 845673 0 0 0
45520 845205 0 0 0
45540 844705 0 0 0
45560 844171 0 0 0
45580 843604 0 0 0
45600 843002 0 0 0
45620 842363 0 0 0
45640 841687 0 0 0
45660 840973 0 0 0
45680 840218 0 0 0
45700 839423 0 0 0
45720 838586 0 0 0
45740 837705 0 0 0
45760 836780 0 0 0
45780 835810 0 0 0
45800 834794 0 0 0
45820 833732 0 0 0
45840 832621 0 0 0
45860 831463 0 0 0
45880 830255 0 0 0
45900 829000 0 0 0
45920 827695 0 0 0
45940 826341 0 0 0
45960 824940 0 0 0
45980 823490 0 0 0
46000 821994 0 0 0
46020 820452 0 0 0
46040 818865 0 0 0
46060 817236 0 0 0
46080 815566 0 0 0
46100 813858 0 0 0
46120 812113 0 0 0
46140 810334 0 0 0
46160 808525 0 0 0
46180 806688 0 0 0
46200 804827 0 0 0
46220 802945 0 0 0
46240 801045 0 0 0
46260 799132 0 0 0
46280 797209 0 0 0
46300 795280 0 0 0
46320 793348 0 0 0
46340 791417 0 0 0
46360 789491 0 0 0
46380 787573 0 0 0
46400 785667 0 0 0
46420 783775 0 0 0
46440 781902 0 0 0
46460 780049 0 0 0
46480 778219 0 0 0
46500 776416 0 0 0
46520 774640 0 0 0
46540 772894 0 0 0
46560 771180 0 0 0
46580 769498 0 0 0
46600 767851 0 0 0
46620 766239 0 0 0
46640 764663 0 0 0
46660 763124 0 0 0
46680 761621 0 0 0
46700 760156 0 0 0
46720 758728 0 0 0
46740 757337 0 0 0
46760 755982 0 0 0
46780 754664 0 0 0
46800 753382 0 0 0
46820 752136 0 0 0
46840 750924 0 0 0
46860 749746 0 0 0
46880 748600 0 0 0
46900 747487 0 0 0
46920 746406 0 0 0
46940 745354 0 0 0
46960 744332 0 0 0
46980 743339 0 0 0
47000 742372 0 0 0
47020 741432 0 0 0
47040 740518 0 0 0
47060 739627 0 0 0
47080 738760 0 0 0
47100 737916 0 0 0
47120 737093 0 0 0
47140 736290 0 0 0
47160 735508 0 0 0
47180 734743 0 0 0
47200 733997 0 0 0
47220 733268 0 0 0
47240 732556 0 0 0
47260 731859 0 0 0
47280 731177 0 0 0
47300 730509 0 0 0
47320 729855 0 0 0
47340 729213 0 0 0
47360 728585 0 0 0
47380 727968 0 0 0
47400 727363 0 0 0
47420 726768 0 0 0
47440 726185 0 0 0
47460 725611 0 0 0
47480 725048 0 0 0
47500 724494 0 0 0
47520 723950 0 0 0
47540 723415 0 0 0
47560 722889 0 0 0
47580 722372 0 0 0
47600 721864 0 0 0
47620 721364 0 0 0
47640 720874 0 0 0
47660 720393 0 0 0
47680 719921 0 0 0
47700 719458 0 0 0
47720 719004 0 0 0
47740 718560 0 0 0
47760 718126 0 0 0
47780 717702 0 0 0
47800 717289 0 0 0
47820 716887 0 0 0
47840 716496 0 0 0
47860 716117 0 0 0
47880 715751 0 0 0
47900 715397 0 0 0
47920 715058 0 0 0
47940 714733 0 0 0
47960 714423 0 0 0
47980 714128 0 0 0
48000 713851 0 0 0
48020 713591 0 0 0
48040 713349 0 0 0
48060 713126 0 0 0
48080 712924 0 0 0
48100 712743 0 0 0
48120 712583 0 0 0
48140 712447 0 0 0
48160 712335 0 0 0
48180 712248 0 0 0
48200 712188 0 0 0
48220 712154 0 0 0
48240 712149 0 0 0
48260 712173 0 0 0
48280 712227 0 0 0
48300 712313 0 0 0
48320 712431 0 0 0
48340 712582 0 0 0
48360 712767 0 0 0
48380 712987 0 0 0
48400 713243 0 0 0
48420 713534 0 0 0
48440 713863 0 0 0
48460 714229 0 0 0
48480 714633 0 0 0
48500 715074 0 0 0
48520 715555 0 0 0
48540 716073 0 0 0
48560 716630 0 0 0
48580 717225 0 0 0
48600 717858 0 0 0
48620 718529 0 0 0
48640 719236 0 0 0
48660 719980 0 0 0
48680 720760 0 0 0
48700 721574 0 0 0
48720 722422 0 0 0
48740 723303 0 0 0
48760 724215 0 0 0
48780 725158 0 0 0
48800 726129 0 0 0
48820 727128 0 0 0
48840 728154 0 0 0
48860 729204 0 0 0
48880 730277 0 0 0
48900 731373 0 0 0
48920 732489 0 0 0
48940 733624 0 0 0
48960 734777 0 0 0
48980 735946 0 0 0
49000 737131 0 0 0
49020 738329 0 0 0
49040 739541 0 0 0
49060 740764 0 0 0
49080 741999 0 0 0
49100 743244 0 0 0
49120 744498 0 0 0
49140 745761 0 0 0
49160 747032 0 0 0
49180 748311 0 0 0
49200 749598 0 0 0
49220 750892 0 0 0
49240 752193 0 0 0
49260 753501 0 0 0
49280 754815 0 0 0
49300 756137 0 0 0
49320 757466 0 0 0
49340 758802 0 0 0
49360 760145 0 0 0
49380 761496 0 0 0
49400 762854 0 0 0
49420 764221 0 0 0
49440 765597 0 0 0
49460 766981 0 0 0
49480 768375 0 0 0
49500 769777 0 0 0
49520 771190 0 0 0
49540 772613 0 0 0
49560 774045 0 0 0
49580 775488 0 0 0
49600 776942 0 0 0
49620 778406 0 0 0
49640 779881 0 0 0
49660 781366 0 0 0
49680 782862 0 0 0
49700 784368 0 0 0
49720 785884 0 0 0
49740 787409 0 0 0
49760 788944 0 0 0
49780 790487 0 0 0
49800 792039 0 0 0
49820 793597 0 0 0
49840 795163 0 0 0
49860 796733 0 0 0
49880 798309 0 0 0
49900 799888 0 0 0
49920 801470 0 0 0
49940 803054 0 0 0
49960 804637 0 0 0
49980 806220 0 0 0
50000 807800 0 0 0
50020 809376 0 0 0
50040 810948 0 0 0
50060 812513 0 0 0
50080 814069 0 0 0
50100 815617 0 0 0
50120 817153 0 0 0
50140 818677 0 0 0
50160 820188 0 0 0
50180 821683 0 0 0
50200 823161 0 0 0
50220 824622 0 0 0
50240 826063 0 0 0
50260 827484 0 0 0
50280 828883 0 0 0
50300 830259 0 0 0
50320 831611 0 0 0
50340 832939 0 0 0
50360 834240 0 0 0
50380 835514 0 0 0
50400 836761 0 0 0
50420 837979 0 0 0
50440 839168 0 0 0
50460 840327 0 0 0
50480 841456 0 0 0
50500 842555 0 0 0
50520 843622 0 0 0
50540 844657 0 0 0
50560 845661 0 0 0
50580 846633 0 0 0
50600 847573 0 0 0
50620 848481 0 0 0
50640 849356 0 0 0
50660 850200 0 0 0
50680 851011 0 0 0
50700 851790 0 0 0
50720 852538 0 0 0
50740 853254 0 0 0
50760 853939 0 0 0
50780 854592 0 0 0
50800 855215 0 0 0
50820 855808 0 0 0
50840 856370 0 0 0
50860 856903 0 0 0
50880 857407 0 0 0
50900 857882 0 0 0
50920 858329 0 0 0
50940 858747 0 0 0
50960 859139 0 0 0
50980 859503 0 0 0
51000 859841 0 0 0
51020 860152 0 0 0
51040 860438 0 0 0
51060 860699 0 0 0
51080 860934 0 0 0
51100 861146 0 0 0
51120 861333 0 0 0
51140 861497 0 0 0
51160 861637 0 0 0
51180 861755 0 0 0
51200 861850 0 0 0
51220 861922 0 0 0
51240 861972 0 0 0
51260 862001 0 0 0
51280 862008 0 0 0
51300 861993 0 0 0
51320 861956 0 0 0
51340 861898 0 0 0
51360 861819 0 0 0
51380 861718 0 0 0
51400 861596 0 0 0
51420 861452 0 0 0
51440 861287 0 0 0
51460 861099 0 0 0
51480 860890 0 0 0
51500 860657 0 0 0
51520 860402 0 0 0
51540 860124 0 0 0
51560 859821 0 0 0
51580 859495 0 0 0
51600 859143 0 0 0
51620 858766 0 0 0
51640 858362 0 0 0
51660 857931 0 0 0
51680 857473 0 0 0
51700 856985 0 0 0
51720 856468 0 0 0
51740 855921 0 0 0
51760 855341 0 0 0
51780 854728 0 0 0
51800 854082 0 0 0
51820 853401 0 0 0
51840 852683 0 0 0
51860 851928 0 0 0
51880 851134 0 0 0
51900 850300 0 0 0
51920 849425 0 0 0
51940 848508 0 0 0
51960 847548 0 0 0
51980 846543 0 0 0
52000 845492 0 0 0
52020 844395 0 0 0
52040 843250 0 0 0
52060 842057 0 0 0
52080 840816 0 0 0
52100 839525 0 0 0
52120 838185 0 0 0
52140 836795 0 0 0
52160 835355 0 0 0
52180 833867 0 0 0
52200 832329 0 0 0
52220 830745 0 0 0
52240 829113 0 0 0
52260 827436 0 0 0
52280 825716 0 0 0
52300 823955 0 0 0
52320 822154 0 0 0
52340 820316 0 0 0
52360 818445 0 0 0
52380 816542 0 0 0
52400 814613 0 0 0
52420 812659 0 0 0
52440 810685 0 0 0
52460 808694 0 0 0
52480 806691 0 0 0
52500 804679 0 0 0
52520 802663 0 0 0
52540 800646 0 0 0
52560 798633 0 0 0
52580 796627 0 0 0
52600 794632 0 0 0
52620 792652 0 0 0
52640 790690 0 0 0
52660 788750 0 0 0
52680 786834 0 0 0
52700 784945 0 0 0
52720 783087 0 0 0
52740 781260 0 0 0
52760 779468 0 0 0
52780 777711 0 0 0
52800 775991 0 0 0
52820 774311 0 0 0
52840 772669 0 0 0
52860 771068 0 0 0
52880 769507 0 0 0
52900 767988 0 0 0
52920 766509 0 0 0
52940 765071 0 0 0
52960 763675 0 0 0
52980 762318 0 0 0
53000 761001 0 0 0
53020 759723 0 0 0
53040 758484 0 0 0
53060 757282 0 0 0
53080 756117 0 0 0
53100 754987 0 0 0
53120 753892 0 0 0
53140 752831 0 0 0
53160 751802 0 0 0
53180 750804 0 0 0
53200 749837 0 0 0
53220 748899 0 0 0
53240 747989 0 0 0
53260 747106 0 0 0
53280 746249 0 0 0
53300 745417 0 0 0
53320 744609 0 0 0
53340 743823 0 0 0
53360 743060 0 0 0
53380 742317 0 0 0
53400 741595 0 0 0
53420 740891 0 0 0
53440 740206 0 0 0
53460 739539 0 0 0
53480 738888 0 0 0
53500 738253 0 0 0
53520 737634 0 0 0
53540 737029 0 0 0
53560 736439 0 0 0
53580 735862 0 0 0
53600 735298 0 0 0
53620 734747 0 0 0
53640 734208 0 0 0
53660 733681 0 0 0
53680 733165 0 0 0
53700 732661 0 0 0
53720 732168 0 0 0
53740 731685 0 0 0
53760 731213 0 0 0
53780 730751 0 0 0
53800 730299 0 0 0
53820 729858 0 0 0
53840 729427 0 0 0
53860 729006 0 0 0
53880 728595 0 0 0
53900 728195 0 0 0
53920 727806 0 0 0
53940 727427 0 0 0
53960 727059 0 0 0
53980 726703 0 0 0
54000 726358 0 0 0
54020 726025 0 0 0
54040 725704 0 0 0
54060 725396 0 0 0
54080 725101 0 0 0
54100 724820 0 0 0
54120 724554 0 0 0
54140 724302 0 0 0
54160 724065 0 0 0
54180 723845 0 0 0
54200 723641 0 0 0
54220 723455 0 0 0
54240 723288 0 0 0
54260 723139 0 0 0
54280 723010 0 0 0
54300 722902 0 0 0
54320 722815 0 0 0
54340 722751 0 0 0
54360 722710 0 0 0
54380 722694 0 0 0
54400 722703 0 0 0
54420 722738 0 0 0
54440 722800 0 0 0
54460 722890 0 0 0
54480 723009 0 0 0
54500 723158 0 0 0
54520 723338 0 0 0
54540 723550 0 0 0
54560 723794 0 0 0
54580 724072 0 0 0
54600 724384 0 0 0
54620 724730 0 0 0
54640 725113 0 0 0
