0 649792 0 0 0
20 649808 0 0 0
40 649857 0 0 0
60 649939 0 0 0
80 650054 0 0 0
100 650201 0 0 0
120 650381 0 0 0
140 650594 0 0 0
160 650840 0 0 0
180 651118 0 0 0
200 651428 0 0 0
220 651771 0 0 0
240 652146 0 0 0
260 652553 0 0 0
280 652992 0 0 0
300 653463 0 0 0
320 653965 0 0 0
340 654498 0 0 0
360 655062 0 0 0
380 655657 0 0 0
400 656283 0 0 0
420 656938 0 0 0
440 657623 0 0 0
460 658338 0 0 0
480 659082 0 0 0
500 659854 0 0 0
520 660655 0 0 0
540 661484 0 0 0
560 662340 0 0 0
580 663223 0 0 0
600 664133 0 0 0
620 665068 0 0 0
640 666030 0 0 0
660 667016 0 0 0
680 668027 0 0 0
700 669063 0 0 0
720 670121 0 0 0
740 671203 0 0 0
760 672308 0 0 0
780 673434 0 0 0
800 674582 0 0 0
820 675750 0 0 0
840 676939 0 0 0
860 678148 0 0 0
880 679375 0 0 0
900 680621 0 0 0
920 681886 0 0 0
940 683167 0 0 0
960 684465 0 0 0
980 685779 0 0 0
1000 687108 0 0 0
1020 688453 0 0 0
1040 689812 0 0 0
1060 691184 0 0 0
1080 692569 0 0 0
1100 693967 0 0 0
1120 695376 0 0 0
1140 696797 0 0 0
1160 698228 0 0 0
1180 699669 0 0 0
1200 701119 0 0 0
1220 702578 0 0 0
1240 704045 0 0 0
1260 705519 0 0 0
1280 707000 0 0 0
1300 708486 0 0 0
1320 709979 0 0 0
1340 711476 0 0 0
1360 712977 0 0 0
1380 714482 0 0 0
1400 715989 0 0 0
1420 717499 0 0 0
1440 719011 0 0 0
1460 720523 0 0 0
1480 722036 0 0 0
1500 723548 0 0 0
1520 725060 0 0 0
1540 726569 0 0 0
1560 728077 0 0 0
1580 729581 0 0 0
1600 731082 0 0 0
1620 732579 0 0 0
1640 734071 0 0 0
1660 735558 0 0 0
1680 737038 0 0 0
1700 738511 0 0 0
1720 739977 0 0 0
1740 741435 0 0 0
1760 742884 0 0 0
1780 744324 0 0 0
1800 745754 0 0 0
1820 747173 0 0 0
1840 748580 0 0 0
1860 749976 0 0 0
1880 751359 0 0 0
1900 752729 0 0 0
1920 754085 0 0 0
1940 755427 0 0 0
1960 756754 0 0 0
1980 758065 0 0 0
2000 759359 0 0 0
2020 760637 0 0 0
2040 761898 0 0 0
2060 763140 0 0 0
2080 764364 0 0 0
2100 765568 0 0 0
2120 766753 0 0 0
2140 767918 0 0 0
2160 769062 0 0 0
2180 770184 0 0 0
2200 771285 0 0 0
2220 772363 0 0 0
2240 773419 0 0 0
2260 774451 0 0 0
2280 775460 0 0 0
2300 776444 0 0 0
2320 777404 0 0 0
2340 778338 0 0 0
2360 779248 0 0 0
2380 780131 0 0 0
2400 780988 0 0 0
2420 781819 0 0 0
2440 782622 0 0 0
2460 783399 0 0 0
2480 784148 0 0 0
2500 784869 0 0 0
2520 785562 0 0 0
2540 786226 0 0 0
2560 786862 0 0 0
2580 787469 0 0 0
2600 788047 0 0 0
2620 788596 0 0 0
2640 789115 0 0 0
2660 789605 0 0 0
2680 790064 0 0 0
2700 790494 0 0 0
2720 790894 0 0 0
2740 791264 0 0 0
2760 791603 0 0 0
2780 791912 0 0 0
2800 792191 0 0 0
2820 792440 0 0 0
2840 792658 0 0 0
2860 792845 0 0 0
2880 793002 0 0 0
2900 793129 0 0 0
2920 793225 0 0 0
2940 793290 0 0 0
2960 793326 0 0 0
2980 793331 0 0 0
3000 793305 0 0 0
3020 793250 0 0 0
3040 793164 0 0 0
3060 793048 0 0 0
3080 792903 0 0 0
3100 792727 0 0 0
3120 792522 0 0 0
3140 792287 0 0 0
3160 792023 0 0 0
3180 791730 0 0 0
3200 791407 0 0 0
3220 791056 0 0 0
3240 790676 0 0 0
3260 790267 0 0 0
3280 789830 0 0 0
3300 789364 0 0 0
3320 788871 0 0 0
3340 788349 0 0 0
3360 787800 0 0 0
3380 787224 0 0 0
3400 786621 0 0 0
3420 785990 0 0 0
3440 785333 0 0 0
3460 784650 0 0 0
3480 783940 0 0 0
3500 783205 0 0 0
3520 782444 0 0 0
3540 781658 0 0 0
3560 780846 0 0 0
3580 780010 0 0 0
3600 779150 0 0 0
3620 778265 0 0 0
3640 777357 0 0 0
3660 776426 0 0 0
3680 775471 0 0 0
3700 774494 0 0 0
3720 773495 0 0 0
3740 772473 0 0 0
3760 771430 0 0 0
3780 770366 0 0 0
3800 769282 0 0 0
3820 768177 0 0 0
3840 767052 0 0 0
3860 765908 0 0 0
3880 764745 0 0 0
3900 763563 0 0 0
3920 762363 0 0 0
3940 761146 0 0 0
3960 759912 0 0 0
3980 758662 0 0 0
4000 757396 0 0 0
4020 756114 0 0 0
4040 754817 0 0 0
4060 753506 0 0 0
4080 752181 0 0 0
4100 750843 0 0 0
4120 749493 0 0 0
4140 748131 0 0 0
4160 746757 0 0 0
4180 745372 0 0 0
4200 743978 0 0 0
4220 742574 0 0 0
4240 741161 0 0 0
4260 739740 0 0 0
4280 738311 0 0 0
4300 736876 0 0 0
4320 735434 0 0 0
4340 733987 0 0 0
4360 732535 0 0 0
4380 731078 0 0 0
4400 729619 0 0 0
4420 728156 0 0 0
4440 726692 0 0 0
4460 725226 0 0 0
4480 723759 0 0 0
4500 722292 0 0 0
4520 720826 0 0 0
4540 719361 0 0 0
4560 717899 0 0 0
4580 716439 0 0 0
4600 714982 0 0 0
4620 713530 0 0 0
4640 712082 0 0 0
4660 710640 0 0 0
4680 709204 0 0 0
4700 707775 0 0 0
4720 706353 0 0 0
4740 704939 0 0 0
4760 703534 0 0 0
4780 702139 0 0 0
4800 700753 0 0 0
4820 699379 0 0 0
4840 698015 0 0 0
4860 696664 0 0 0
4880 695324 0 0 0
4900 693998 0 0 0
4920 692686 0 0 0
4940 691388 0 0 0
4960 690105 0 0 0
4980 688837 0 0 0
5000 687585 0 0 0
5020 686350 0 0 0
5040 685131 0 0 0
5060 683930 0 0 0
5080 682748 0 0 0
5100 681583 0 0 0
5120 680438 0 0 0
5140 679313 0 0 0
5160 678208 0 0 0
5180 677123 0 0 0
5200 676059 0 0 0
5220 675017 0 0 0
5240 673996 0 0 0
5260 672998 0 0 0
5280 672023 0 0 0
5300 671071 0 0 0
5320 670143 0 0 0
5340 669239 0 0 0
5360 668359 0 0 0
5380 667504 0 0 0
5400 666675 0 0 0
5420 665871 0 0 0
5440 665093 0 0 0
5460 664342 0 0 0
5480 663618 0 0 0
5500 662920 0 0 0
5520 662250 0 0 0
5540 661608 0 0 0
5560 660994 0 0 0
5580 660409 0 0 0
5600 659852 0 0 0
5620 659324 0 0 0
5640 658826 0 0 0
5660 658357 0 0 0
5680 657918 0 0 0
5700 657509 0 0 0
5720 657131 0 0 0
5740 656783 0 0 0
5760 656466 0 0 0
5780 656180 0 0 0
5800 655926 0 0 0
5820 655702 0 0 0
5840 655511 0 0 0
5860 655351 0 0 0
5880 655223 0 0 0
5900 655127 0 0 0
5920 655063 0 0 0
5940 655032 0 0 0
5960 655032 0 0 0
5980 655065 0 0 0
6000 655131 0 0 0
6020 655228 0 0 0
6040 655359 0 0 0
6060 655521 0 0 0
6080 655716 0 0 0
6100 655944 0 0 0
6120 656203 0 0 0
6140 656495 0 0 0
6160 656819 0 0 0
6180 657175 0 0 0
6200 657563 0 0 0
6220 657982 0 0 0
6240 658433 0 0 0
6260 658915 0 0 0
6280 659428 0 0 0
6300 659972 0 0 0
6320 660546 0 0 0
6340 661151 0 0 0
6360 661786 0 0 0
6380 662450 0 0 0
6400 663144 0 0 0
6420 663867 0 0 0
6440 664618 0 0 0
6460 665398 0 0 0
6480 666206 0 0 0
6500 667041 0 0 0
6520 667903 0 0 0
6540 668792 0 0 0
6560 669707 0 0 0
6580 670648 0 0 0
6600 671613 0 0 0
6620 672604 0 0 0
6640 673619 0 0 0
6660 674658 0 0 0
6680 675719 0 0 0
6700 676804 0 0 0
6720 677910 0 0 0
6740 679039 0 0 0
6760 680188 0 0 0
6780 681358 0 0 0
6800 682547 0 0 0
6820 683756 0 0 0
6840 684984 0 0 0
6860 686230 0 0 0
6880 687493 0 0 0
6900 688773 0 0 0
6920 690070 0 0 0
6940 691383 0 0 0
6960 692710 0 0 0
6980 694053 0 0 0
7000 695409 0 0 0
7020 696778 0 0 0
7040 698160 0 0 0
7060 699555 0 0 0
7080 700960 0 0 0
7100 702377 0 0 0
7120 703804 0 0 0
7140 705240 0 0 0
7160 706685 0 0 0
7180 708139 0 0 0
7200 709600 0 0 0
7220 711069 0 0 0
7240 712544 0 0 0
7260 714024 0 0 0
7280 715510 0 0 0
7300 717000 0 0 0
7320 718495 0 0 0
7340 719992 0 0 0
7360 721492 0 0 0
7380 722994 0 0 0
7400 724497 0 0 0
7420 726002 0 0 0
7440 727506 0 0 0
7460 729009 0 0 0
7480 730512 0 0 0
7500 732012 0 0 0
7520 733510 0 0 0
7540 735005 0 0 0
7560 736496 0 0 0
7580 737982 0 0 0
7600 739464 0 0 0
7620 740939 0 0 0
7640 742409 0 0 0
7660 743871 0 0 0
7680 745325 0 0 0
7700 746772 0 0 0
7720 748209 0 0 0
7740 749637 0 0 0
7760 751054 0 0 0
7780 752461 0 0 0
7800 753856 0 0 0
7820 755239 0 0 0
7840 756609 0 0 0
7860 757966 0 0 0
7880 759309 0 0 0
7900 760637 0 0 0
7920 761950 0 0 0
7940 763248 0 0 0
7960 764529 0 0 0
7980 765793 0 0 0
8000 767039 0 0 0
8020 768267 0 0 0
8040 769477 0 0 0
8060 770667 0 0 0
8080 771838 0 0 0
8100 772988 0 0 0
8120 774118 0 0 0
8140 775226 0 0 0
8160 776312 0 0 0
8180 777376 0 0 0
8200 778417 0 0 0
8220 779435 0 0 0
8240 780429 0 0 0
8260 781399 0 0 0
8280 782345 0 0 0
8300 783265 0 0 0
8320 784160 0 0 0
8340 785030 0 0 0
8360 785873 0 0 0
8380 786690 0 0 0
8400 787480 0 0 0
8420 788243 0 0 0
8440 788978 0 0 0
8460 789686 0 0 0
8480 790366 0 0 0
8500 791018 0 0 0
8520 791641 0 0 0
8540 792236 0 0 0
8560 792801 0 0 0
8580 793338 0 0 0
8600 793846 0 0 0
8620 794324 0 0 0
8640 794772 0 0 0
8660 795191 0 0 0
8680 795581 0 0 0
8700 795940 0 0 0
8720 796269 0 0 0
8740 796569 0 0 0
8760 796838 0 0 0
8780 797078 0 0 0
8800 797287 0 0 0
8820 797466 0 0 0
8840 797615 0 0 0
8860 797733 0 0 0
8880 797822 0 0 0
8900 797881 0 0 0
8920 797909 0 0 0
8940 797908 0 0 0
8960 797876 0 0 0
8980 797815 0 0 0
9000 797724 0 0 0
9020 797603 0 0 0
9040 797453 0 0 0
9060 797273 0 0 0
9080 797064 0 0 0
9100 796826 0 0 0
9120 796558 0 0 0
9140 796262 0 0 0
9160 795937 0 0 0
9180 795583 0 0 0
9200 795201 0 0 0
9220 794791 0 0 0
9240 794352 0 0 0
9260 793886 0 0 0
9280 793392 0 0 0
9300 792870 0 0 0
9320 792322 0 0 0
9340 791746 0 0 0
9360 791143 0 0 0
9380 790513 0 0 0
9400 789858 0 0 0
9420 789176 0 0 0
9440 788468 0 0 0
9460 787735 0 0 0
9480 786976 0 0 0
9500 786193 0 0 0
9520 785384 0 0 0
9540 784552 0 0 0
9560 783695 0 0 0
9580 782814 0 0 0
9600 781910 0 0 0
9620 780982 0 0 0
9640 780032 0 0 0
9660 779059 0 0 0
9680 778065 0 0 0
9700 777048 0 0 0
9720 776011 0 0 0
9740 774952 0 0 0
9760 773873 0 0 0
9780 772773 0 0 0
9800 771654 0 0 0
9820 770516 0 0 0
9840 769359 0 0 0
9860 768184 0 0 0
9880 766991 0 0 0
9900 765780 0 0 0
9920 764553 0 0 0
9940 763309 0 0 0
9960 762050 0 0 0
9980 760775 0 0 0
10000 759486 0 0 0
10020 758182 0 0 0
10040 756865 0 0 0
10060 755534 0 0 0
10080 754191 0 0 0
10100 752837 0 0 0
10120 751470 0 0 0
10140 750094 0 0 0
10160 748707 0 0 0
10180 747311 0 0 0
10200 745906 0 0 0
10220 744493 0 0 0
10240 743073 0 0 0
10260 741645 0 0 0
10280 740212 0 0 0
10300 738773 0 0 0
10320 737329 0 0 0
10340 735881 0 0 0
10360 734430 0 0 0
10380 732976 0 0 0
10400 731520 0 0 0
10420 730062 0 0 0
10440 728604 0 0 0
10460 727146 0 0 0
10480 725689 0 0 0
10500 724232 0 0 0
10520 722778 0 0 0
10540 721327 0 0 0
10560 719879 0 0 0
10580 718436 0 0 0
10600 716997 0 0 0
10620 715563 0 0 0
10640 714136 0 0 0
10660 712715 0 0 0
10680 711302 0 0 0
10700 709897 0 0 0
10720 708501 0 0 0
10740 707114 0 0 0
10760 705738 0 0 0
10780 704372 0 0 0
10800 703017 0 0 0
10820 701674 0 0 0
10840 700343 0 0 0
10860 699026 0 0 0
10880 697722 0 0 0
10900 696432 0 0 0
10920 695158 0 0 0
10940 693898 0 0 0
10960 692654 0 0 0
10980 691427 0 0 0
11000 690217 0 0 0
11020 689024 0 0 0
11040 687850 0 0 0
11060 686693 0 0 0
11080 685556 0 0 0
11100 684438 0 0 0
11120 683340 0 0 0
11140 682263 0 0 0
11160 681207 0 0 0
11180 680171 0 0 0
11200 679158 0 0 0
11220 678167 0 0 0
11240 677199 0 0 0
11260 676253 0 0 0
11280 675331 0 0 0
11300 674433 0 0 0
11320 673560 0 0 0
11340 672711 0 0 0
11360 671887 0 0 0
11380 671088 0 0 0
11400 670316 0 0 0
11420 669569 0 0 0
11440 668849 0 0 0
11460 668156 0 0 0
11480 667490 0 0 0
11500 666852 0 0 0
11520 666241 0 0 0
11540 665659 0 0 0
11560 665105 0 0 0
11580 664580 0 0 0
11600 664084 0 0 0
11620 663617 0 0 0
11640 663180 0 0 0
11660 662773 0 0 0
11680 662395 0 0 0
11700 662048 0 0 0
11720 661732 0 0 0
11740 661446 0 0 0
11760 661191 0 0 0
11780 660967 0 0 0
11800 660775 0 0 0
11820 660613 0 0 0
11840 660484 0 0 0
11860 660386 0 0 0
11880 660319 0 0 0
11900 660285 0 0 0
11920 660282 0 0 0
11940 660312 0 0 0
11960 660373 0 0 0
11980 660467 0 0 0
12000 660593 0 0 0
12020 660750 0 0 0
12040 660940 0 0 0
12060 661162 0 0 0
12080 661416 0 0 0
12100 661701 0 0 0
12120 662019 0 0 0
12140 662368 0 0 0
12160 662748 0 0 0
12180 663160 0 0 0
12200 663603 0 0 0
12220 664077 0 0 0
12240 664582 0 0 0
12260 665118 0 0 0
12280 665684 0 0 0
12300 666279 0 0 0
12320 666905 0 0 0
12340 667560 0 0 0
12360 668244 0 0 0
12380 668957 0 0 0
12400 669699 0 0 0
12420 670468 0 0 0
12440 671266 0 0 0
12460 672090 0 0 0
12480 672942 0 0 0
12500 673820 0 0 0
12520 674724 0 0 0
12540 675653 0 0 0
12560 676608 0 0 0
12580 677588 0 0 0
12600 678591 0 0 0
12620 679619 0 0 0
12640 680669 0 0 0
12660 681742 0 0 0
12680 682837 0 0 0
12700 683954 0 0 0
12720 685092 0 0 0
12740 686250 0 0 0
12760 687428 0 0 0
12780 688626 0 0 0
12800 689842 0 0 0
12820 691076 0 0 0
12840 692328 0 0 0
12860 693597 0 0 0
12880 694883 0 0 0
12900 696184 0 0 0
12920 697501 0 0 0
12940 698832 0 0 0
12960 700177 0 0 0
12980 701535 0 0 0
13000 702907 0 0 0
13020 704290 0 0 0
13040 705685 0 0 0
13060 707091 0 0 0
13080 708507 0 0 0
13100 709933 0 0 0
13120 711368 0 0 0
13140 712812 0 0 0
13160 714263 0 0 0
13180 715721 0 0 0
13200 717186 0 0 0
13220 718657 0 0 0
13240 720133 0 0 0
13260 721614 0 0 0
13280 723099 0 0 0
13300 724587 0 0 0
13320 726078 0 0 0
13340 727572 0 0 0
13360 729066 0 0 0
13380 730562 0 0 0
13400 732057 0 0 0
13420 733552 0 0 0
13440 735047 0 0 0
13460 736539 0 0 0
13480 738029 0 0 0
13500 739516 0 0 0
13520 741000 0 0 0
13540 742479 0 0 0
13560 743953 0 0 0
13580 745422 0 0 0
13600 746884 0 0 0
13620 748340 0 0 0
13640 749788 0 0 0
13660 751228 0 0 0
13680 752659 0 0 0
13700 754081 0 0 0
13720 755492 0 0 0
13740 756894 0 0 0
13760 758283 0 0 0
13780 759661 0 0 0
13800 761027 0 0 0
13820 762379 0 0 0
13840 763717 0 0 0
13860 765042 0 0 0
13880 766351 0 0 0
13900 767644 0 0 0
13920 768922 0 0 0
13940 770183 0 0 0
13960 771426 0 0 0
13980 772652 0 0 0
14000 773859 0 0 0
14020 775047 0 0 0
14040 776216 0 0 0
14060 777364 0 0 0
14080 778492 0 0 0
14100 779600 0 0 0
14120 780685 0 0 0
14140 781749 0 0 0
14160 782789 0 0 0
14180 783807 0 0 0
14200 784802 0 0 0
14220 785773 0 0 0
14240 786719 0 0 0
14260 787641 0 0 0
14280 788538 0 0 0
14300 789409 0 0 0
14320 790255 0 0 0
14340 791074 0 0 0
14360 791868 0 0 0
14380 792634 0 0 0
14400 793373 0 0 0
14420 794085 0 0 0
14440 794769 0 0 0
14460 795426 0 0 0
14480 796054 0 0 0
14500 796654 0 0 0
14520 797225 0 0 0
14540 797768 0 0 0
14560 798282 0 0 0
14580 798767 0 0 0
14600 799223 0 0 0
14620 799649 0 0 0
14640 800046 0 0 0
14660 800414 0 0 0
14680 800752 0 0 0
14700 801060 0 0 0
14720 801339 0 0 0
14740 801588 0 0 0
14760 801807 0 0 0
14780 801996 0 0 0
14800 802155 0 0 0
14820 802285 0 0 0
14840 802385 0 0 0
14860 802455 0 0 0
14880 802495 0 0 0
14900 802505 0 0 0
14920 802486 0 0 0
14940 802438 0 0 0
14960 802360 0 0 0
14980 802253 0 0 0
15000 802116 0 0 0
15020 801950 0 0 0
15040 801755 0 0 0
15060 801531 0 0 0
15080 801279 0 0 0
15100 800997 0 0 0
15120 800687 0 0 0
15140 800349 0 0 0
15160 799983 0 0 0
15180 799588 0 0 0
15200 799166 0 0 0
15220 798716 0 0 0
15240 798238 0 0 0
15260 797733 0 0 0
15280 797201 0 0 0
15300 796642 0 0 0
15320 796057 0 0 0
15340 795445 0 0 0
