0 649792 0 0 0
5 649793 0.0863969 -0.0642809 0.0872665
10 649796 0.165984 -0.130593 0.169143
15 649801 0.238729 -0.197441 0.249581
20 649808 0.246036 -0.253607 0.308916
25 649817 0.208324 -0.329165 0.281179
30 649828 0.223738 -0.323085 0.283918
35 649841 0.229264 -0.322141 0.277165
40 649856 0.245564 -0.305595 0.288927
45 649873 0.243805 -0.305773 0.285579
50 649891 0.244958 -0.303259 0.284652
55 649912 0.246397 -0.300253 0.283879
60 649934 0.247867 -0.297156 0.283101
65 649958 0.246404 -0.298605 0.275781
70 649984 0.250624 -0.295862 0.27357
75 650012 0.254198 -0.293427 0.270751
80 650042 0.25782 -0.290966 0.268003
85 650073 0.278855 -0.26545 0.289633
90 650107 0.271252 -0.26459 0.287271
95 650142 0.269503 -0.260281 0.290468
100 650178 0.267174 -0.25615 0.293237
105 650217 0.262177 -0.258209 0.289599
110 650257 0.261612 -0.255975 0.289492
115 650299 0.261739 -0.252864 0.289879
120 650342 0.261968 -0.249576 0.290336
125 650388 0.262208 -0.246257 0.290808
130 650434 0.262443 -0.24294 0.291289
135 650483 0.270572 -0.222963 0.309987
140 650533 0.261323 -0.219176 0.315866
145 650585 0.254041 -0.213194 0.323854
150 650638 0.222347 -0.245391 0.289325
155 650693 0.239868 -0.233219 0.293345
160 650749 0.240328 -0.236828 0.284252
165 650807 0.246619 -0.237827 0.274955
170 650867 0.255278 -0.236851 0.267958
175 650928 0.263412 -0.23604 0.260799
180 650990 0.302185 -0.189611 0.307644
185 651054 0.283965 -0.192676 0.308539
190 651120 0.274757 -0.185726 0.318499
195 651187 0.260705 -0.186498 0.320037
200 651255 0.254597 -0.18023 0.328155
205 651325 0.226124 -0.209987 0.292609
210 651396 0.241865 -0.202443 0.291545
215 651469 0.248723 -0.202718 0.283954
220 651543 0.263904 -0.187401 0.297064
225 651619 0.267431 -0.181741 0.301078
230 651695 0.268183 -0.178056 0.302849
235 651774 0.268237 -0.174778 0.304047
240 651853 0.268105 -0.171586 0.305101
245 651934 0.256482 -0.181175 0.291395
250 652017 0.261783 -0.175663 0.290372
255 652100 0.264699 -0.173691 0.288027
260 652185 0.267681 -0.171584 0.285714
265 652271 0.27065 -0.169486 0.283397
270 652359 0.290216 -0.145681 0.309117
275 652448 0.278641 -0.145773 0.310943
280 652538 0.273446 -0.140286 0.317878
285 652629 0.266654 -0.140617 0.317723
290 652722 0.2643 -0.136672 0.320763
295 652816 0.261948 -0.132895 0.323971
300 652911 0.267406 -0.11207 0.350626
305 653007 0.253017 -0.106164 0.36397
310 653105 0.235244 -0.10567 0.367871
315 653204 0.22641 -0.0982655 0.378876
320 653304 0.21653 -0.0914915 0.389882
325 653405 0.208361 -0.0890626 0.394927
330 653508 0.20273 -0.0836654 0.401595
335 653611 0.197069 -0.0782736 0.40855
340 653716 0.184737 -0.0822128 0.40223
345 653822 0.186757 -0.0769327 0.406178
350 653930 0.186879 -0.0731931 0.408947
355 654038 0.186372 -0.0697885 0.411277
360 654147 0.185639 -0.0664451 0.41345
365 654258 0.184817 -0.0631073 0.415573
370 654370 0.1868 -0.0421614 0.442504
375 654483 0.171053 -0.0338311 0.459391
380 654597 0.155675 -0.0231265 0.477088
385 654713 0.119544 -0.0553336 0.43689
390 654829 0.13575 -0.0471753 0.428323
395 654947 0.138583 -0.0533748 0.413924
400 655065 0.16369 -0.0307755 0.438646
405 655185 0.163509 -0.0277156 0.448234
410 655306 0.16019 -0.0231709 0.454343
415 655428 0.156336 -0.0183565 0.45999
420 655552 0.158198 0.00650754 0.496198
425 655676 0.139623 0.0182575 0.520224
430 655801 0.120149 0.032618 0.544041
435 655928 0.0853894 0.00518483 0.509761
440 656056 0.0859026 0.00679561 0.492922
445 656185 0.0925831 0.00589079 0.483401
450 656315 0.121225 0.0331211 0.51685
455 656446 0.114194 0.035145 0.53106
460 656578 0.106706 0.0425654 0.542523
465 656712 0.0985849 0.05042 0.553663
470 656846 0.0831547 0.0477788 0.547775
475 656982 0.0844426 0.0537642 0.552242
480 657119 0.084072 0.0580901 0.556183
485 657256 0.0830925 0.0620191 0.559847
490 657395 0.0818641 0.0658771 0.563379
495 657536 0.0805219 0.0697406 0.566856
500 657677 0.0664512 0.0595299 0.550616
505 657819 0.0635098 0.0576841 0.539624
510 657963 0.0725034 0.062784 0.535462
515 658108 0.0713168 0.058802 0.527306
520 658253 0.082077 0.0625286 0.525601
525 658400 0.106602 0.0881991 0.565888
530 658549 0.0902704 0.0929047 0.582995
535 658698 0.0775677 0.105017 0.600149
540 658849 0.0409881 0.0710336 0.543244
545 659000 0.0633719 0.0713276 0.519672
550 659153 0.0814925 0.0617956 0.499056
555 659307 0.106846 0.0748161 0.513838
560 659462 0.110158 0.0748284 0.516144
565 659619 0.112788 0.0758926 0.517321
570 659776 0.114949 0.0773944 0.517871
575 659935 0.116822 0.0790964 0.518071
580 660095 0.139593 0.107676 0.563406
585 660257 0.11773 0.113175 0.584532
590 660419 0.101109 0.127756 0.606868
595 660583 0.079669 0.133434 0.614367
600 660748 0.0768849 0.146702 0.63347
605 660914 0.0586804 0.154435 0.643947
610 661082 0.0559408 0.158593 0.648809
615 661250 0.0535018 0.163143 0.653759
620 661420 0.0511699 0.167826 0.658795
625 661592 0.0488773 0.172565 0.663907
630 661764 0.0465991 0.17734 0.66909
635 661938 0.0308373 0.167228 0.652677
640 662113 0.0260204 0.165188 0.64006
645 662290 0.0259113 0.165006 0.630111
650 662468 0.0356904 0.169618 0.62521
655 662647 0.0349995 0.165604 0.617171
660 662827 0.0373908 0.164174 0.610103
665 663009 0.0761256 0.200847 0.659023
670 663192 0.0567903 0.200118 0.686078
675 663377 0.0433824 0.215756 0.709263
680 663563 0.0284089 0.231274 0.732652
685 663750 -0.0117083 0.196961 0.670367
690 663939 0.00652326 0.194871 0.633703
695 664129 0.0270843 0.173111 0.594048
700 664320 0.051824 0.157316 0.55945
705 664513 0.0861149 0.163793 0.564282
710 664708 0.0912455 0.156173 0.554127
715 664904 0.0994486 0.153207 0.544136
720 665101 0.10908 0.143388 0.521042
725 665300 0.123887 0.137208 0.500955
730 665500 0.14578 0.152751 0.519829
735 665702 0.1562 0.158413 0.534435
740 665906 0.161192 0.161658 0.54604
745 666110 0.163293 0.164638 0.555636
750 666317 0.16371 0.167877 0.563916
755 666525 0.163088 0.171436 0.57135
760 666735 0.161802 0.175266 0.578249
765 666946 0.160713 0.198195 0.623098
770 667158 0.135038 0.212508 0.653215
775 667373 0.113525 0.223191 0.674079
780 667589 0.0974564 0.23865 0.697674
785 667806 0.0816467 0.254188 0.722798
790 668026 0.0378073 0.220609 0.658759
795 668246 0.0508975 0.221459 0.616431
800 668469 0.0668676 0.21056 0.584011
805 668693 0.0875916 0.191679 0.543683
810 668919 0.111302 0.177862 0.507207
815 669146 0.146518 0.18514 0.512765
820 669375 0.152431 0.177963 0.503899
825 669606 0.160533 0.168727 0.480004
830 669839 0.174014 0.163788 0.458845
835 670073 0.180375 0.150525 0.420403
840 670310 0.205516 0.145799 0.396664
845 670548 0.227379 0.138193 0.371479
850 670787 0.290179 0.181815 0.449615
855 671029 0.275285 0.174057 0.489457
860 671273 0.261575 0.181674 0.511718
865 671518 0.247733 0.191607 0.534241
870 671765 0.236078 0.195611 0.544323
875 672014 0.227432 0.202662 0.555731
880 672265 0.219541 0.209829 0.567995
885 672517 0.163026 0.170415 0.485249
890 672772 0.181974 0.181846 0.436825
895 673028 0.201211 0.171193 0.399046
900 673286 0.235083 0.180564 0.405437
905 673547 0.241235 0.174783 0.398149
910 673809 0.279355 0.203975 0.441072
915 674073 0.287303 0.20086 0.473816
920 674339 0.27685 0.199881 0.493768
925 674607 0.225213 0.166098 0.423538
930 674877 0.229027 0.175271 0.376206
935 675149 0.250515 0.17322 0.347028
940 675423 0.274391 0.183025 0.355383
945 675699 0.278262 0.180682 0.35389
950 675977 0.282261 0.180328 0.351898
955 676257 0.286099 0.180804 0.34956
960 676539 0.289717 0.181657 0.346972
965 676824 0.287508 0.176372 0.326897
970 677110 0.290992 0.176073 0.309347
975 677398 0.30796 0.179661 0.299951
980 677688 0.308364 0.170026 0.26864
985 677981 0.317688 0.168686 0.241633
990 678275 0.341159 0.16886 0.224826
995 678572 0.348267 0.158901 0.185816
1000 678871 0.362689 0.156841 0.151793
1005 679172 0.396282 0.169945 0.161485
1010 679475 0.403378 0.166494 0.156802
1015 679780 0.447631 0.198042 0.202377
1020 680087 0.469092 0.194503 0.237429
1025 680397 0.468489 0.189083 0.258037
1030 680708 0.460362 0.187972 0.261676
1035 681022 0.464999 0.195644 0.272527
1040 681338 0.455742 0.193987 0.275772
1045 681656 0.460031 0.201704 0.286537
1050 681976 0.450283 0.200161 0.289739
1055 682299 0.46696 0.219462 0.338007
1060 682623 0.450321 0.218338 0.367221
1065 682950 0.408226 0.191061 0.32839
1070 683279 0.38102 0.196867 0.292512
1075 683610 0.366662 0.202241 0.264202
1080 683943 0.359867 0.205687 0.24073
1085 684279 0.353966 0.204936 0.203671
1090 684617 0.356874 0.204918 0.172028
1095 684957 0.377193 0.207194 0.151101
1100 685299 0.396898 0.219535 0.16484
1105 685643 0.411845 0.225025 0.176812
1110 685989 0.423511 0.227837 0.187172
1115 686338 0.432759 0.229709 0.19617
1120 686689 0.419561 0.215891 0.180099
1125 687042 0.410673 0.211635 0.165104
1130 687397 0.413941 0.220452 0.155283
1135 687755 0.407275 0.215918 0.141603
1140 688114 0.413867 0.224203 0.133774
1145 688476 0.418922 0.226405 0.126026
1150 688840 0.465423 0.260158 0.172898
1155 689206 0.494439 0.25769 0.213154
1160 689575 0.503541 0.249913 0.241678
1165 689945 0.499933 0.248066 0.249967
1170 690318 0.507082 0.256006 0.263621
1175 690692 0.500332 0.252974 0.270358
1180 691069 0.495239 0.255435 0.27769
1185 691448 0.519021 0.27381 0.33212
1190 691829 0.507642 0.268989 0.368417
1195 692213 0.465258 0.241659 0.331048
1200 692598 0.431424 0.246657 0.293944
1205 692985 0.409173 0.253625 0.262252
1210 693375 0.394384 0.259017 0.234411
1215 693766 0.428592 0.290983 0.268381
1220 694160 0.448061 0.29391 0.298644
1225 694555 0.460161 0.294256 0.325029
1230 694953 0.467348 0.294948 0.348594
1235 695353 0.463459 0.29181 0.351895
1240 695754 0.46071 0.292018 0.355404
1245 696158 0.458563 0.293707 0.359075
1250 696563 0.456762 0.296048 0.362879
1255 696971 0.455182 0.298673 0.366799
1260 697380 0.453757 0.301415 0.37082
1265 697791 0.45245 0.304201 0.374934
1270 698205 0.431618 0.292056 0.356005
1275 698620 0.416051 0.289093 0.33829
1280 699036 0.403771 0.290135 0.321463
1285 699455 0.397214 0.303675 0.305218
1290 699875 0.387229 0.301588 0.289844
1295 700298 0.379337 0.302254 0.274914
1300 700722 0.36108 0.302357 0.237095
1305 701147 0.357851 0.313568 0.203974
1310 701575 0.345086 0.307671 0.169502
1315 702004 0.348875 0.315068 0.140189
1320 702435 0.333478 0.304149 0.0868411
1325 702867 0.339518 0.307137 0.0409849
1330 703301 0.425729 0.373625 0.127531
1335 703737 0.494097 0.357133 0.213465
1340 704174 0.541607 0.349122 0.286183
1345 704612 0.555432 0.336712 0.326997
1350 705052 0.56403 0.335026 0.36412
1355 705494 0.504482 0.291052 0.307482
1360 705937 0.4578 0.308358 0.250514
1365 706382 0.423052 0.318417 0.197712
1370 706827 0.378167 0.313585 0.122765
1375 707275 0.355949 0.322917 0.0535878
1380 707723 0.36709 0.334729 0.0460347
1385 708173 0.364799 0.331393 0.0351492
1390 708624 0.362851 0.329966 0.0240407
1395 709076 0.372529 0.338104 0.016531
1400 709529 0.358387 0.326168 -0.0166647
1405 709984 0.3591 0.329965 -0.0461347
1410 710439 0.347221 0.320659 -0.0788743
1415 710896 0.342466 0.318953 -0.128098
1420 711354 0.339334 0.312162 -0.175081
1425 711812 0.351318 0.320403 -0.17263
1430 712272 0.362421 0.326235 -0.170122
1435 712733 0.372705 0.330646 -0.167742
1440 713194 0.382229 0.334222 -0.165581
1445 713656 0.391044 0.337304 -0.163679
1450 714120 0.399198 0.340087 -0.162045
1455 714583 0.467343 0.390503 -0.0970509
1460 715048 0.534209 0.402123 -0.0308858
1465 715514 0.591915 0.395605 0.0292267
1470 715980 0.64344 0.407384 0.0844391
1475 716446 0.588709 0.354452 0.0314889
1480 716914 0.537495 0.33891 -0.0209187
1485 717382 0.491507 0.332814 -0.0732071
1490 717850 0.454556 0.34161 -0.124764
1495 718319 0.471118 0.363138 -0.112139
1500 718788 0.486889 0.377451 -0.0991129
1505 719258 0.501863 0.387225 -0.0860672
1510 719727 0.516066 0.394229 -0.0732012
1515 720198 0.52954 0.399554 -0.0606044
1520 720668 0.542335 0.403845 -0.0483084
1525 721139 0.529655 0.388411 -0.0617332
1530 721610 0.517374 0.379609 -0.0753405
1535 722081 0.505463 0.37444 -0.0890887
1540 722552 0.493891 0.371316 -0.102945
1545 723023 0.482624 0.369338 -0.116883
1550 723494 0.471629 0.367981 -0.130887
1555 723965 0.460876 0.366927 -0.144945
1560 724436 0.426227 0.345506 -0.18399
1565 724907 0.396608 0.343904 -0.224527
1570 725378 0.368373 0.338163 -0.264552
1575 725849 0.335443 0.316555 -0.30406
1580 726319 0.308569 0.311193 -0.345065
1585 726789 0.251484 0.265181 -0.40998
1590 727259 0.200196 0.234968 -0.477841
1595 727728 0.142952 0.185718 -0.542848
1600 728197 0.0850331 0.133713 -0.607501
1605 728666 0.0263197 0.0775987 -0.670817
1610 729134 0.113438 0.164776 -0.585056
1615 729601 0.200568 0.251942 -0.499008
1620 730068 0.287705 0.338997 -0.411924
1625 730534 0.374844 0.417277 -0.324805
1630 731000 0.462056 0.460684 -0.237619
1635 731465 0.549255 0.472963 -0.150496
1640 731929 0.614953 0.473699 -0.0880074
1645 732393 0.676695 0.491341 -0.0289695
1650 732855 0.734869 0.484826 0.0239699
1655 733317 0.768172 0.484059 0.0545376
1660 733778 0.800554 0.483965 0.0837907
1665 734238 0.832271 0.483638 0.11165
1670 734697 0.754259 0.412337 0.0364854
1675 735156 0.673152 0.376644 -0.0364064
1680 735613 0.59024 0.387213 -0.112351
1685 736069 0.664345 0.467815 -0.0369497
1690 736524 0.737812 0.509923 0.034303
1695 736978 0.809331 0.507913 0.0952509
1700 737430 0.854054 0.494074 0.129849
1705 737882 0.900491 0.501669 0.167845
1710 738332 0.944473 0.487853 0.196356
1715 738781 0.965605 0.480433 0.209284
1720 739228 0.986829 0.476429 0.222653
1725 739675 1.01082 0.48602 0.241594
1730 740120 1.03309 0.477173 0.251821
1735 740563 1.03311 0.466761 0.247793
1740 741005 1.03311 0.459714 0.245153
1745 741446 1.03317 0.454874 0.243456
1750 741885 1.03331 0.45153 0.242422
1755 742323 1.03356 0.449222 0.241869
1760 742759 1.03393 0.447643 0.241674
1765 743194 1.03443 0.446581 0.241749
1770 743627 1.09729 0.496274 0.29846
1775 744058 1.16218 0.476436 0.317136
1780 744488 1.22941 0.480447 0.344821
1785 744916 1.18064 0.424318 0.291362
1790 745342 1.13135 0.378162 0.243854
1795 745767 1.08249 0.33506 0.198076
1800 746190 1.03455 0.289909 0.15157
1805 746611 0.987962 0.237327 0.10257
1810 747030 0.948529 0.159205 0.0441287
1815 747448 1.00806 0.0879872 -0.00472446
1820 747864 1.07714 0.0146767 -0.0667184
1825 748279 1.14064 -0.0647071 -0.140928
1830 748693 1.21147 -0.146748 -0.216091
1835 749106 1.27882 -0.234015 -0.296641
1840 749519 1.34724 -0.321281 -0.377452
1845 749931 1.42826 -0.399138 -0.446746
1850 750343 1.50919 -0.475909 -0.51599
1855 750754 1.58941 -0.550624 -0.584913
1860 751165 1.64567 -0.63789 -0.67218
1865 751575 1.69383 -0.725157 -0.758153
1870 751983 1.75074 -0.801841 -0.806513
1875 752389 1.75947 -0.86136 -0.828196
1880 752794 1.74797 -0.887229 -0.83415
1885 753196 1.77381 -0.839356 -0.815534
1890 753597 1.79928 -0.804164 -0.821593
1895 753994 1.82861 -0.773547 -0.831059
1900 754390 1.85908 -0.742422 -0.841566
1905 754784 1.80638 -0.818293 -0.876213
1910 755175 1.75654 -0.86054 -0.853622
1915 755564 1.70591 -0.891368 -0.829775
1920 755951 1.75818 -0.806175 -0.785038
1925 756336 1.81152 -0.749627 -0.806973
1930 756718 1.87341 -0.693713 -0.829319
1935 757098 1.91336 -0.647577 -0.846866
1940 757476 1.95824 -0.601135 -0.858654
1945 757851 2.00335 -0.550946 -0.869227
1950 758224 1.95802 -0.615367 -0.904244
1955 758595 1.91411 -0.667839 -0.89572
1960 758963 1.86232 -0.70269 -0.873396
1965 759330 1.86612 -0.693352 -0.855315
1970 759693 1.86169 -0.680951 -0.852924
1975 760055 1.86192 -0.673029 -0.848678
1980 760414 1.86148 -0.665371 -0.847001
1985 760770 1.86177 -0.658566 -0.84545
1990 761125 1.86206 -0.651958 -0.844383
1995 761477 1.84632 -0.672731 -0.849938
2000 761826 1.82633 -0.682277 -0.841348
2005 762174 1.80757 -0.692465 -0.832992
2010 762518 1.78913 -0.702221 -0.82475
2015 762861 1.75414 -0.732351 -0.820478
2020 763201 1.71898 -0.748351 -0.797987
2025 763539 1.68703 -0.773537 -0.788245
2030 763874 1.65411 -0.78396 -0.764732
2035 764207 1.60677 -0.815632 -0.74919
2040 764538 1.56366 -0.837364 -0.724768
2045 764866 1.61923 -0.759973 -0.690552
2050 765192 1.66839 -0.721344 -0.72137
2055 765515 1.72426 -0.67791 -0.748082
2060 765836 1.6948 -0.713564 -0.779856
2065 766155 1.67512 -0.733661 -0.769144
2070 766471 1.65134 -0.746027 -0.757937
2075 766785 1.61093 -0.767827 -0.741016
2080 767097 1.5742 -0.786441 -0.719775
2085 767406 1.53871 -0.802532 -0.699086
2090 767713 1.54665 -0.788762 -0.681079
2095 768018 1.54336 -0.77556 -0.683009
2100 768320 1.54648 -0.768673 -0.680183
2105 768620 1.5473 -0.761648 -0.68123
2110 768918 1.54938 -0.755752 -0.681261
2115 769213 1.551 -0.749777 -0.682031
2120 769506 1.5971 -0.700679 -0.677788
2125 769796 1.64103 -0.671795 -0.706713
2130 770085 1.68717 -0.634221 -0.731379
2135 770371 1.65341 -0.679361 -0.757461
2140 770655 1.62385 -0.698134 -0.741271
2145 770936 1.59287 -0.707067 -0.719083
2150 771216 1.60612 -0.683175 -0.704189
2155 771493 1.61542 -0.66847 -0.708707
2160 771767 1.62627 -0.656188 -0.713922
2165 772040 1.63718 -0.643769 -0.719365
2170 772310 1.69579 -0.58793 -0.727729
2175 772578 1.75408 -0.536178 -0.753754
2180 772844 1.81515 -0.478695 -0.779028
2185 773108 1.78584 -0.51109 -0.808987
2190 773369 1.76433 -0.53229 -0.796174
2195 773629 1.73886 -0.549025 -0.786216
2200 773886 1.69725 -0.584591 -0.777498
2205 774141 1.656 -0.606014 -0.751793
2210 774394 1.61728 -0.630456 -0.732501
2215 774644 1.56417 -0.667478 -0.712678
2220 774893 1.51544 -0.694507 -0.687113
2225 775139 1.56727 -0.628349 -0.65494
2230 775384 1.60883 -0.597597 -0.686081
2235 775626 1.65578 -0.560174 -0.711137
2240 775866 1.6835 -0.532065 -0.730966
2245 776104 1.71495 -0.502929 -0.745079
2250 776340 1.74647 -0.471658 -0.759473
2255 776574 1.77875 -0.438661 -0.773239
2260 776806 1.72703 -0.499085 -0.793962
2265 777036 1.67911 -0.532296 -0.766525
2270 777264 1.63284 -0.564771 -0.742016
2275 777490 1.69365 -0.489424 -0.71698
2280 777714 1.75046 -0.439953 -0.74911
2285 777936 1.78982 -0.397333 -0.774631
2290 778156 1.83407 -0.352394 -0.790592
2295 778374 1.87838 -0.303822 -0.806282
2300 778590 1.92381 -0.252351 -0.820083
2305 778804 1.94841 -0.222862 -0.834929
2310 779016 1.97362 -0.190792 -0.839763
2315 779226 1.99866 -0.157727 -0.84511
2320 779435 2.02408 -0.123955 -0.849621
2325 779641 2.02927 -0.112923 -0.854777
2330 779846 2.03506 -0.101843 -0.855807
2335 780049 2.04063 -0.0904984 -0.856685
2340 780250 2.04621 -0.0791006 -0.85751
2345 780449 2.0518 -0.0676656 -0.85831
2350 780646 2.05741 -0.0561955 -0.859087
2355 780841 2.11906 0.0195527 -0.849213
2360 781035 2.18218 0.0979105 -0.852674
2365 781227 2.24765 0.178531 -0.848711
2370 781417 2.31594 0.260094 -0.839604
2375 781605 2.36043 0.316948 -0.836031
2380 781792 2.40723 0.371791 -0.823896
2385 781976 2.45594 0.426062 -0.809529
2390 782159 2.38147 0.363626 -0.85361
2395 782340 2.30995 0.294294 -0.869477
2400 782520 2.24383 0.223386 -0.880821
2405 782698 2.18072 0.153373 -0.886334
2410 782874 2.17689 0.149491 -0.873622
2415 783048 2.17235 0.146521 -0.873019
2420 783221 2.16674 0.144469 -0.873218
2425 783392 2.16104 0.142526 -0.873587
2430 783562 2.15532 0.140606 -0.873957
2435 783729 2.14962 0.138695 -0.874304
2440 783895 2.20523 0.203242 -0.855789
2445 784060 2.26111 0.271463 -0.853344
2450 784223 2.31866 0.340888 -0.844802
2455 784384 2.37894 0.410438 -0.832287
2460 784543 2.31852 0.363171 -0.872376
2465 784701 2.26234 0.308244 -0.880124
2470 784858 2.21037 0.252226 -0.886816
2475 785013 2.16009 0.197168 -0.889618
2480 785166 2.08946 0.118611 -0.89555
2485 785318 2.02389 0.0422747 -0.888169
2490 785468 1.96092 -0.0302307 -0.877119
2495 785616 2.02541 0.0436538 -0.84245
2500 785763 2.08607 0.118805 -0.8567
2505 785909 2.14923 0.19747 -0.859762
2510 786053 2.21525 0.278495 -0.8587
2515 786195 2.17107 0.244601 -0.892659
2520 786336 2.13221 0.206732 -0.890434
2525 786475 2.09672 0.167582 -0.889955
2530 786613 2.06165 0.129641 -0.887419
2535 786750 2.08405 0.153627 -0.869025
2540 786885 2.1018 0.180201 -0.874825
2545 787018 2.1201 0.207038 -0.875978
2550 787150 2.1388 0.23401 -0.877193
2555 787280 2.13468 0.234945 -0.883509
2560 787409 2.13035 0.236139 -0.884696
2565 787537 2.12666 0.236808 -0.885456
2570 787663 2.12307 0.237405 -0.886035
2575 787787 2.11951 0.237979 -0.886575
2580 787910 2.11595 0.238547 -0.887102
2585 788032 2.17301 0.302839 -0.869691
2590 788152 2.22966 0.371164 -0.868657
2595 788271 2.28789 0.441393 -0.862262
2600 788388 2.34921 0.511918 -0.851666
2605 788504 2.38505 0.556717 -0.84975
2610 788618 2.42237 0.599347 -0.839947
2615 788731 2.46147 0.640777 -0.828239
2620 788843 2.37609 0.574019 -0.878799
2625 788953 2.29306 0.501787 -0.900819
2630 789062 2.21573 0.422895 -0.91603
2635 789169 2.14379 0.343538 -0.921147
2640 789275 2.22387 0.414857 -0.871015
2645 789379 2.29968 0.497005 -0.86351
2650 789482 2.37628 0.580362 -0.848208
2655 789584 2.45554 0.663146 -0.827059
2660 789684 2.40892 0.633522 -0.864138
2665 789782 2.35969 0.601047 -0.883122
2670 789880 2.31554 0.563116 -0.896326
2675 789975 2.27333 0.524 -0.905811
2680 790070 2.20728 0.460152 -0.92304
2685 790163 2.14627 0.395182 -0.927605
2690 790254 2.08969 0.330658 -0.926841
2695 790344 2.09189 0.33064 -0.909919
2700 790433 2.09326 0.330339 -0.906984
2705 790520 2.09204 0.332 -0.90627
2710 790606 2.09023 0.334081 -0.90662
2715 790690 2.08818 0.336331 -0.9073
2720 790773 2.08604 0.338634 -0.908102
2725 790854 2.08388 0.340954 -0.908951
2730 790934 2.14247 0.405146 -0.89156
2735 791013 2.20012 0.473624 -0.891427
2740 791090 2.25908 0.54491 -0.887084
2745 791166 2.32149 0.616817 -0.878442
2750 791240 2.26079 0.575771 -0.922275
2755 791312 2.20295 0.529633 -0.935983
2760 791384 2.15325 0.478619 -0.941909
2765 791453 2.10665 0.427696 -0.942686
2770 791521 2.12124 0.438799 -0.922914
2775 791588 2.13504 0.450006 -0.918275
2780 791653 2.14553 0.464031 -0.916547
2785 791717 2.15523 0.478856 -0.916525
2790 791779 2.16457 0.494138 -0.917081
2795 791840 2.17383 0.509646 -0.917847
2800 791899 2.2482 0.59109 -0.896853
2805 791957 2.32558 0.673865 -0.885881
2810 792013 2.40507 0.756884 -0.868359
2815 792068 2.48773 0.838413 -0.844266
2820 792121 2.54874 0.895665 -0.826002
2825 792172 2.61145 0.947746 -0.799683
2830 792222 2.67597 0.994531 -0.768688
2835 792271 2.60372 0.945993 -0.820658
2840 792317 2.5245 0.902908 -0.859632
2845 792362 2.44736 0.853774 -0.897592
2850 792406 2.37191 0.800408 -0.929306
2855 792448 2.28464 0.726157 -0.962343
2860 792488 2.19828 0.649553 -0.982143
2865 792527 2.12466 0.563583 -0.982724
2870 792564 2.1974 0.621337 -0.929394
2875 792600 2.26677 0.687391 -0.918222
2880 792633 2.33374 0.76044 -0.905698
2885 792665 2.4047 0.833694 -0.889508
2890 792696 2.44974 0.882767 -0.883579
2895 792725 2.49597 0.928931 -0.869455
2900 792752 2.54444 0.971812 -0.851633
2905 792777 2.45948 0.915616 -0.909896
2910 792801 2.37442 0.861133 -0.946976
2915 792823 2.28964 0.799295 -0.97877
2920 792843 2.20977 0.730953 -1.00263
2925 792861 2.20261 0.716601 -0.985388
2930 792878 2.19247 0.70615 -0.986618
2935 792893 2.18092 0.69704 -0.987704
2940 792906 2.16929 0.688131 -0.989474
2945 792917 2.15748 0.679486 -0.991427
2950 792927 2.21752 0.72625 -0.95591
2955 792934 2.27277 0.782099 -0.946738
2960 792940 2.32768 0.841741 -0.936667
2965 792944 2.38535 0.901714 -0.924112
2970 792946 2.31059 0.858317 -0.980606
2975 792947 2.23535 0.810235 -1.01062
2980 792945 2.16898 0.755051 -1.03039
2985 792942 2.10938 0.697807 -1.03981
2990 792936 2.11499 0.699216 -1.02125
2995 792929 2.12194 0.698865 -1.01369
3000 792920 2.12551 0.701086 -1.00894
3005 792908 2.12769 0.704321 -1.00684
3010 792895 2.12886 0.708337 -1.00631
3015 792880 2.12941 0.712833 -1.00682
3020 792863 2.10187 0.696311 -1.02286
3025 792844 2.075 0.679933 -1.032
3030 792823 2.0508 0.662188 -1.03817
3035 792799 2.02832 0.643932 -1.04179
3040 792774 2.01243 0.623148 -1.03453
3045 792747 1.99089 0.604887 -1.03861
3050 792718 2.03726 0.640471 -1.00413
3055 792686 2.07668 0.678127 -1.00019
3060 792653 2.11074 0.721472 -1.00072
3065 792617 2.14515 0.766483 -1.00288
3070 792580 2.0617 0.712007 -1.06123
3075 792540 1.9858 0.656118 -1.07819
3080 792498 1.93839 0.591711 -1.06409
3085 792454 1.93997 0.583718 -1.0388
3090 792408 1.93311 0.575222 -1.03741
3095 792359 1.92449 0.568155 -1.03567
3100 792308 1.91564 0.56121 -1.03446
3105 792256 1.90661 0.554422 -1.03349
3110 792201 1.89752 0.547756 -1.03262
3115 792143 1.86969 0.52187 -1.03506
3120 792084 1.84555 0.497023 -1.02981
3125 792022 1.82366 0.472367 -1.02231
3130 791958 1.80263 0.44837 -1.01373
3135 791892 1.83451 0.474597 -0.986059
3140 791823 1.85657 0.497458 -0.987751
3145 791752 1.87289 0.523375 -0.994397
3150 791679 1.88852 0.549705 -1.00284
3155 791603 1.80258 0.485322 -1.05146
3160 791526 1.75282 0.428705 -1.03133
3165 791445 1.71166 0.373435 -1.00722
3170 791363 1.78161 0.434744 -0.947935
3175 791278 1.82303 0.484446 -0.970937
3180 791191 1.86043 0.541448 -0.992046
3185 791101 1.87718 0.578743 -1.01828
3190 791009 1.9055 0.616111 -1.02225
3195 790914 1.92386 0.656415 -1.04385
3200 790818 1.92868 0.673753 -1.05801
3205 790718 1.94057 0.690783 -1.05672
3210 790617 1.94456 0.709255 -1.07038
3215 790512 2.00752 0.785071 -1.06317
3220 790406 2.06323 0.868095 -1.08156
3225 790297 2.1054 0.925724 -1.09582
3230 790185 2.14916 0.987377 -1.10289
3235 790071 2.20394 1.04429 -1.09402
3240 789955 2.1267 1.00544 -1.161
3245 789836 2.04952 0.967199 -1.20192
3250 789715 1.9817 0.924216 -1.23031
3255 789591 1.98993 0.93261 -1.21484
3260 789465 2.00031 0.937585 -1.20655
3265 789336 2.00857 0.943298 -1.20042
3270 789205 2.01536 0.949467 -1.19628
3275 789071 2.02097 0.956047 -1.19377
3280 788935 2.02564 0.96298 -1.1926
3285 788796 2.02956 0.97021 -1.19253
3290 788654 2.03287 0.977686 -1.19336
3295 788511 2.10314 1.0402 -1.1617
3300 788364 2.17673 1.10467 -1.14292
3305 788215 2.24693 1.18287 -1.14023
3310 788064 2.29775 1.23569 -1.13585
3315 787910 2.3512 1.29057 -1.12742
3320 787753 2.40854 1.34528 -1.1156
3325 787594 2.46889 1.39861 -1.0997
3330 787433 2.49585 1.42111 -1.09348
3335 787269 2.52212 1.44401 -1.08549
3340 787103 2.54865 1.46616 -1.07679
3345 786934 2.5753 1.48741 -1.06734
3350 786762 2.60189 1.50761 -1.05714
3355 786588 2.6283 1.52661 -1.04621
3360 786412 2.62567 1.52571 -1.05471
3365 786233 2.62046 1.52804 -1.06072
3370 786052 2.61546 1.53092 -1.06697
3375 785868 2.61067 1.53426 -1.07346
3380 785682 2.60607 1.53799 -1.08014
3385 785493 2.60166 1.54204 -1.08697
3390 785301 2.59742 1.54639 -1.09393
3395 785108 2.66674 1.5994 -1.04879
3400 784912 2.74308 1.63464 -1.01238
3405 784713 2.81032 1.65946 -0.968053
3410 784512 2.87056 1.67237 -0.919559
3415 784309 2.80656 1.61992 -0.965591
3420 784103 2.73532 1.59779 -1.0032
3425 783895 2.67262 1.58073 -1.04977
3430 783685 2.61113 1.56774 -1.09861
3435 783472 2.52491 1.53836 -1.16754
3440 783256 2.43974 1.52598 -1.23645
3445 783038 2.35339 1.49083 -1.30409
3450 782818 2.32582 1.50423 -1.31997
3455 782596 2.30678 1.49852 -1.33938
3460 782371 2.28557 1.49378 -1.35715
3465 782144 2.26365 1.48855 -1.37467
3470 781915 2.24114 1.48261 -1.39211
3475 781683 2.21801 1.47584 -1.40948
3480 781449 2.1942 1.46818 -1.42679
3485 781213 2.24416 1.51461 -1.39101
3490 780975 2.31042 1.55994 -1.37042
3495 780734 2.37928 1.61096 -1.34602
3500 780492 2.45078 1.66362 -1.31999
3505 780247 2.38457 1.61412 -1.38245
3510 780000 2.30434 1.58723 -1.43201
3515 779751 2.22337 1.55093 -1.48451
3520 779500 2.14092 1.50806 -1.53588
3525 779246 2.22753 1.58831 -1.46076
3530 778991 2.3148 1.65222 -1.41386
3535 778734 2.40207 1.71413 -1.37254
3540 778474 2.48933 1.77321 -1.33401
3545 778213 2.57168 1.81262 -1.31225
3550 777950 2.6523 1.85557 -1.28045
3555 777685 2.72993 1.89124 -1.24482
3560 777419 2.79476 1.9153 -1.20637
3565 777150 2.82125 1.91308 -1.1854
3570 776880 2.84243 1.91057 -1.16098
3575 776608 2.86213 1.90594 -1.13573
3580 776334 2.77723 1.8358 -1.20476
3585 776058 2.69324 1.821 -1.25063
3590 775780 2.62526 1.80583 -1.30821
3595 775501 2.57544 1.80888 -1.36294
3600 775219 2.59188 1.84127 -1.36809
3605 774936 2.59941 1.85425 -1.37769
3610 774652 2.66235 1.90606 -1.33448
3615 774366 2.73465 1.94683 -1.30202
3620 774078 2.79123 1.98115 -1.26599
3625 773789 2.84163 1.99243 -1.23964
3630 773498 2.77185 1.93126 -1.30097
3635 773206 2.70316 1.90567 -1.34479
3640 772912 2.65594 1.90165 -1.38373
3645 772617 2.64723 1.92211 -1.4155
3650 772320 2.6828 1.95966 -1.40401
3655 772022 2.67819 1.95878 -1.42117
3660 771722 2.68467 1.97417 -1.43015
3665 771421 2.67983 1.97626 -1.444
3670 771119 2.68872 1.99259 -1.45078
3675 770815 2.73795 2.03377 -1.41455
3680 770511 2.78588 2.06535 -1.38431
3685 770205 2.82891 2.08959 -1.35768
3690 769898 2.86427 2.09622 -1.3399
3695 769590 2.87058 2.09425 -1.33574
3700 769281 2.87629 2.0932 -1.33076
3705 768971 2.88181 2.0926 -1.32537
3710 768660 2.8873 2.09222 -1.31975
3715 768347 2.89283 2.09196 -1.31398
3720 768034 2.89841 2.09176 -1.3081
3725 767720 2.90404 2.0916 -1.30212
3730 767405 2.94945 2.10531 -1.25307
3735 767089 2.96815 2.08411 -1.21219
3740 766771 2.92177 2.03904 -1.25117
3745 766453 2.88033 2.01076 -1.28379
3750 766134 2.84751 2.00604 -1.308
3755 765815 2.82462 2.00474 -1.33308
3760 765494 2.81903 2.02074 -1.35335
3765 765173 2.81813 2.04206 -1.38696
3770 764851 2.90535 2.1256 -1.30421
3775 764528 2.98237 2.14152 -1.25364
3780 764205 3.00871 2.12177 -1.20637
3785 763882 3.01409 2.09198 -1.1722
3790 763557 3.02856 2.06832 -1.13169
3795 763232 2.97323 2.01767 -1.18052
3800 762907 2.92626 2.00058 -1.219
3805 762581 2.8991 2.01041 -1.25284
3810 762254 2.88186 2.03011 -1.30338
3815 761927 2.87002 2.04969 -1.3498
3820 761600 2.89279 2.08199 -1.34857
3825 761272 2.89124 2.08191 -1.35728
3830 760943 2.89009 2.08317 -1.36534
3835 760615 2.94849 2.1361 -1.31579
3840 760286 2.99908 2.17268 -1.27295
3845 759958 3.02554 2.16135 -1.24863
3850 759628 3.0409 2.15019 -1.21944
3855 759299 2.97558 2.08819 -1.28088
3860 758969 2.92475 2.06278 -1.32976
3865 758639 2.90937 2.08379 -1.36433
3870 758309 2.89568 2.09824 -1.41528
3875 757979 2.88771 2.11434 -1.46045
3880 757649 2.96138 2.18544 -1.39469
3885 757318 3.02385 2.23696 -1.33781
3890 756988 3.04413 2.21918 -1.3111
3895 756658 2.99218 2.16679 -1.36133
3900 756328 2.94914 2.13006 -1.40539
3905 755997 2.94361 2.14851 -1.42828
3910 755667 2.93507 2.15974 -1.46813
3915 755337 2.93169 2.17424 -1.50387
3920 755006 3.01331 2.25331 -1.42654
3925 754677 3.07004 2.29527 -1.36733
3930 754347 3.02786 2.24802 -1.40845
3935 754017 2.99519 2.21399 -1.44343
3940 753688 2.96866 2.18888 -1.47451
3945 753359 2.96834 2.19585 -1.49185
3950 753029 2.96926 2.20344 -1.50841
3955 752701 3.005 2.23908 -1.47734
3960 752372 3.03491 2.26679 -1.44995
3965 752044 3.05911 2.28765 -1.42577
3970 751716 3.07832 2.30277 -1.40429
3975 751389 3.08395 2.29954 -1.39144
3980 751061 3.00239 2.21596 -1.47631
3985 750734 2.97403 2.19632 -1.53469
3990 750408 2.98168 2.21644 -1.57091
3995 750082 3.00666 2.2524 -1.56569
4000 749756 2.99621 2.24769 -1.59206
4005 749430 3.00167 2.26017 -1.60954
4010 749105 3.02687 2.28631 -1.58849
4015 748781 3.04818 2.30789 -1.56972
4020 748457 3.06587 2.32547 -1.55303
4025 748134 3.08041 2.33956 -1.53818
4030 747811 3.09231 2.35071 -1.52492
4035 747488 3.10207 2.35939 -1.51299
4040 747167 3.13527 2.39025 -1.46135
4045 746845 3.12761 2.3712 -1.43807
4050 746525 3.09001 2.32741 -1.47701
4055 746204 3.06225 2.29309 -1.51136
4060 745885 3.04051 2.26573 -1.54265
4065 745565 3.03599 2.2544 -1.56731
4070 745247 3.04367 2.26061 -1.58432
4075 744929 3.07973 2.29771 -1.55217
4080 744612 3.10885 2.32842 -1.52282
4085 744295 3.13169 2.35316 -1.49631
4090 743979 3.14927 2.37261 -1.47247
4095 743664 3.15174 2.37623 -1.45659
4100 743349 3.07316 2.29267 -1.54012
4105 743035 3.04059 2.24674 -1.60883
4110 742722 3.05263 2.26231 -1.65072
4115 742409 3.06979 2.28683 -1.65168
4120 742097 3.07211 2.29293 -1.66035
4125 741785 3.06561 2.28992 -1.68683
4130 741475 3.07275 2.3027 -1.70572
4135 741165 3.06979 2.30767 -1.74077
4140 740855 3.06927 2.31467 -1.77379
4145 740547 3.08576 2.33431 -1.76763
4150 740239 3.08916 2.33892 -1.76898
4155 739932 3.09273 2.34296 -1.77059
4160 739625 3.15117 2.40464 -1.71242
4165 739320 3.19707 2.45868 -1.65903
4170 739015 3.21659 2.49671 -1.61719
4175 738711 3.20502 2.49778 -1.59888
4180 738408 3.19961 2.48707 -1.59398
4185 738105 3.20618 2.48996 -1.58049
4190 737803 3.2018 2.47927 -1.57484
4195 737502 3.19901 2.47285 -1.57604
4200 737202 3.19765 2.46727 -1.57661
4205 736902 3.19725 2.46243 -1.57665
4210 736603 3.19752 2.45824 -1.57626
4215 736305 3.19825 2.45463 -1.5755
4220 736008 3.19931 2.45151 -1.57444
4225 735711 3.23827 2.493 -1.52233
4230 735416 3.22092 2.47684 -1.50481
4235 735121 3.22377 2.47235 -1.48792
4240 734826 3.21792 2.4539 -1.47762
4245 734533 3.21713 2.44512 -1.47305
4250 734240 3.22521 2.44989 -1.46159
4255 733948 3.22237 2.4409 -1.45693
4260 733656 3.22993 2.44556 -1.4454
4265 733366 3.2265 2.43636 -1.44056
4270 733076 3.24286 2.44795 -1.39478
4275 732787 3.23716 2.43274 -1.36262
4280 732498 3.23552 2.4137 -1.34146
4285 732210 3.23809 2.39769 -1.317
4290 731924 3.23675 2.38125 -1.30496
4295 731637 3.24586 2.3811 -1.28579
4300 731352 3.17107 2.29779 -1.36827
4305 731067 3.14781 2.24405 -1.44575
4310 730783 3.1594 2.23313 -1.51612
4315 730499 3.23339 2.31028 -1.44463
4320 730216 3.28846 2.37527 -1.37618
4325 729934 3.27245 2.39061 -1.32566
4330 729653 3.26715 2.38918 -1.29825
4335 729372 3.26668 2.38483 -1.27184
4340 729092 3.26271 2.37466 -1.26271
4345 728813 3.26252 2.36674 -1.25251
4350 728534 3.27176 2.3722 -1.23756
4355 728256 3.26959 2.36229 -1.22764
4360 727979 3.25845 2.34622 -1.23626
4365 727702 3.25139 2.33364 -1.24382
4370 727426 3.24708 2.32367 -1.25063
4375 727151 3.24468 2.31572 -1.2569
4380 726876 3.24362 2.30935 -1.26276
4385 726602 3.24349 2.30423 -1.2683
4390 726328 3.24402 2.30012 -1.2736
4395 726055 3.24502 2.29682 -1.27869
4400 725783 3.29839 2.34855 -1.22276
4405 725511 3.30998 2.35936 -1.17785
4410 725240 3.30588 2.34532 -1.13988
4415 724969 3.30449 2.33119 -1.11904
4420 724699 3.31489 2.33204 -1.09391
4425 724429 3.31475 2.31608 -1.07242
4430 724160 3.31506 2.31109 -1.0671
4435 723892 3.31624 2.30706 -1.06152
4440 723624 3.31802 2.30374 -1.05574
4445 723357 3.32021 2.30096 -1.0498
4450 723090 3.32269 2.29857 -1.04372
4455 722823 3.30518 2.27694 -1.06103
4460 722557 3.29267 2.26125 -1.07746
4465 722292 3.28352 2.24963 -1.09339
4470 722027 3.27674 2.24086 -1.10902
4475 721762 3.2717 2.23414 -1.12447
4480 721498 3.26795 2.22891 -1.13984
4485 721235 3.26519 2.22478 -1.15516
4490 720972 3.31722 2.27565 -1.10903
4495 720709 3.35681 2.31393 -1.06433
4500 720446 3.36341 2.31298 -1.026
4505 720185 3.36948 2.30668 -0.988486
4510 719923 3.36928 2.29699 -0.971532
4515 719662 3.37205 2.28994 -0.954009
4520 719401 3.38367 2.29607 -0.934456
4525 719141 3.3845 2.28484 -0.917191
4530 718881 3.37459 2.27034 -0.922288
4535 718621 3.36793 2.2605 -0.926831
4540 718362 3.36344 2.25382 -0.931034
4545 718103 3.36042 2.24935 -0.935016
4550 717844 3.35843 2.24644 -0.938847
4555 717586 3.35718 2.24467 -0.942574
4560 717328 3.35646 2.24372 -0.946224
4565 717070 3.40995 2.29347 -0.888247
4570 716812 3.42754 2.28593 -0.83662
4575 716555 3.43845 2.26147 -0.785477
4580 716298 3.38534 2.20782 -0.838841
4585 716041 3.34146 2.17004 -0.891558
4590 715785 3.33706 2.19183 -0.94286
4595 715529 3.31419 2.18814 -1.01883
4600 715272 3.31133 2.19948 -1.0957
4605 715017 3.3881 2.27751 -1.02275
4610 714761 3.43539 2.32209 -0.952576
4615 714506 3.43641 2.30392 -0.88939
4620 714250 3.3918 2.2576 -0.929964
4625 713995 3.35687 2.2244 -0.969694
4630 713740 3.32773 2.19845 -1.00933
4635 713486 3.32719 2.20671 -1.04855
4640 713231 3.35868 2.24006 -1.02579
4645 712976 3.38451 2.26697 -1.00313
4650 712722 3.405 2.28766 -0.980824
4655 712468 3.42093 2.3028 -0.959012
4660 712214 3.43326 2.31326 -0.937699
4665 711959 3.43344 2.30802 -0.917866
4670 711705 3.45914 2.31054 -0.840642
4675 711451 3.48045 2.29467 -0.764061
4680 711198 3.49195 2.26874 -0.708647
4685 710944 3.51898 2.26184 -0.650634
4690 710690 3.52681 2.23992 -0.6173
4695 710436 3.54572 2.24009 -0.582976
4700 710183 3.56367 2.23617 -0.548378
4705 709929 3.48826 2.16482 -0.62418
4710 709675 3.43411 2.14939 -0.699397
4715 709422 3.40332 2.17096 -0.773621
4720 709168 3.40623 2.19129 -0.786479
4725 708915 3.40023 2.19278 -0.799844
4730 708661 3.39457 2.19441 -0.813194
4735 708407 3.38923 2.19613 -0.826532
4740 708154 3.38418 2.19789 -0.839859
4745 707900 3.43776 2.25488 -0.790123
4750 707646 3.48231 2.29591 -0.741363
4755 707392 3.50164 2.28947 -0.695796
4760 707138 3.52104 2.27899 -0.649596
4765 706884 3.45739 2.21598 -0.712735
4770 706630 3.40141 2.16849 -0.77549
4775 706376 3.37803 2.18211 -0.836942
4780 706122 3.46524 2.26931 -0.749725
4785 705868 3.53164 2.31729 -0.665127
4790 705613 3.5611 2.29072 -0.583791
4795 705359 3.5825 2.26102 -0.523322
4800 705104 3.61808 2.2533 -0.46078
4805 704849 3.65505 2.24304 -0.396628
4810 704594 3.67877 2.23719 -0.35624
4815 704339 3.70352 2.23256 -0.315298
4820 704084 3.72918 2.22896 -0.273829
4825 703828 3.73642 2.22411 -0.259672
4830 703573 3.74416 2.22123 -0.245566
4835 703317 3.75224 2.21959 -0.231483
4840 703061 3.76057 2.21876 -0.217406
4845 702805 3.76908 2.21846 -0.203322
4850 702549 3.77773 2.21853 -0.189223
4855 702293 3.83791 2.23357 -0.107079
4860 702036 3.89832 2.23833 -0.0234873
4865 701779 3.96061 2.24513 0.0606336
4870 701523 4.00333 2.25391 0.119355
4875 701265 4.04691 2.2644 0.17875
4880 701008 4.09131 2.27729 0.238649
4885 700751 4.11495 2.28677 0.269605
4890 700493 4.13882 2.29669 0.300716
4895 700235 4.16292 2.30721 0.33193
4900 699977 4.18724 2.31848 0.363204
4905 699719 4.21178 2.33058 0.394493
4910 699461 4.23652 2.34359 0.425755
4915 699202 4.26145 2.35758 0.456943
4920 698943 4.26071 2.34823 0.461681
4925 698684 4.25979 2.34128 0.4654
4930 698425 4.25878 2.33607 0.46839
4935 698166 4.25773 2.33217 0.470841
4940 697906 4.25667 2.32925 0.472889
4945 697646 4.25562 2.32711 0.474627
4950 697386 4.2546 2.32555 0.476124
4955 697126 4.22901 2.30115 0.452529
4960 696866 4.20336 2.27888 0.428261
4965 696605 4.17771 2.25844 0.403522
4970 696345 4.15212 2.23958 0.378467
4975 696084 4.12662 2.22206 0.353218
4980 695823 4.10125 2.20564 0.327869
4985 695561 4.07602 2.1901 0.302494
4990 695300 4.0266 2.15151 0.25271
4995 695038 3.97748 2.11349 0.203156
5000 694777 3.92865 2.07418 0.15401
5005 694515 3.88 2.03112 0.105372
5010 694253 3.83135 1.98078 0.0572716
5015 693991 3.78241 1.91768 0.00967376
5020 693728 3.73127 1.83667 -0.0361324
5025 693466 3.65486 1.75069 -0.108341
5030 693204 3.57716 1.66401 -0.180374
5035 692942 3.49914 1.57675 -0.25136
5040 692681 3.42251 1.48948 -0.319483
5045 692419 3.34937 1.40221 -0.382345
5050 692159 3.29091 1.31495 -0.421794
5055 691899 3.37655 1.25198 -0.336124
5060 691640 3.46219 1.18839 -0.25047
5065 691382 3.5478 1.1245 -0.164926
5070 691124 3.54726 1.03724 -0.16315
5075 690867 3.54786 0.94997 -0.159107
5080 690611 3.53479 0.866208 -0.167226
5085 690356 3.4954 0.77951 -0.197551
5090 690101 3.45145 0.694658 -0.229526
5095 689846 3.3986 0.611649 -0.267904
5100 689592 3.33292 0.543792 -0.316829
5105 689337 3.24565 0.512909 -0.389166
5110 689083 3.15839 0.483515 -0.455334
5115 688828 3.07112 0.447989 -0.519323
5120 688574 2.98385 0.405735 -0.581125
5125 688319 3.04853 0.475461 -0.515036
5130 688064 3.13016 0.519077 -0.460855
5135 687810 3.21084 0.556049 -0.400934
5140 687555 3.29132 0.587126 -0.34051
5145 687300 3.23985 0.546882 -0.384252
5150 687045 3.17827 0.533072 -0.428005
5155 686791 3.11811 0.512566 -0.472032
5160 686536 3.05732 0.489081 -0.515103
5165 686281 3.07165 0.508535 -0.500665
5170 686026 3.09016 0.522583 -0.488486
5175 685772 3.10837 0.535321 -0.475099
5180 685517 3.12677 0.547388 -0.461627
5185 685263 3.14519 0.559045 -0.448026
5190 685009 3.16364 0.570352 -0.434355
5195 684755 3.1821 0.581331 -0.420621
5200 684501 3.26798 0.627337 -0.35199
5205 684247 3.35392 0.654975 -0.287546
5210 683993 3.43981 0.67706 -0.222372
5215 683740 3.52564 0.694208 -0.156589
5220 683487 3.58839 0.697609 -0.110239
5225 683234 3.64836 0.706063 -0.0630196
5230 682981 3.70767 0.711795 -0.016852
5235 682728 3.7397 0.708201 0.00693386
5240 682476 3.77097 0.717991 0.0312767
5245 682224 3.80164 0.714137 0.0552939
5250 681973 3.83232 0.71679 0.0790131
5255 681722 3.86265 0.7184 0.102481
5260 681471 3.86755 0.715703 0.104848
5265 681221 3.87193 0.717918 0.108381
5270 680971 3.87651 0.721026 0.111762
5275 680721 3.88105 0.724287 0.115215
5280 680472 3.8856 0.727581 0.11865
5285 680223 3.89014 0.730883 0.122088
5290 679975 3.95841 0.748533 0.178311
5295 679728 4.0253 0.741952 0.22912
5300 679481 4.08986 0.727611 0.277024
5305 679234 4.12992 0.72074 0.306405
5310 678988 4.16917 0.715443 0.335641
5315 678743 4.20761 0.709363 0.363967
5320 678499 4.24517 0.702636 0.391409
5325 678255 4.25983 0.691025 0.399497
5330 678011 4.27605 0.695407 0.412298
5335 677769 4.29171 0.695888 0.423834
5340 677527 4.30715 0.695283 0.43488
5345 677286 4.32154 0.68686 0.443074
5350 677046 4.31448 0.680698 0.434842
5355 676806 4.30862 0.683558 0.429569
5360 676568 4.30295 0.688906 0.425193
5365 676330 4.29733 0.694942 0.421005
5370 676093 4.29166 0.70116 0.416847
5375 675857 4.28594 0.707422 0.412666
5380 675622 4.28016 0.713691 0.408451
5385 675388 4.3309 0.736254 0.452902
5390 675155 4.37537 0.716415 0.48212
5395 674923 4.41923 0.704252 0.512506
5400 674692 4.36868 0.679549 0.465502
5405 674462 4.32519 0.709088 0.437941
5410 674233 4.27863 0.731448 0.404994
5415 674006 4.28656 0.749561 0.413991
5420 673779 4.29293 0.75622 0.419899
5425 673554 4.29919 0.759853 0.424561
5430 673329 4.30532 0.76261 0.428983
5435 673106 4.31143 0.76513 0.433295
5440 672885 4.29475 0.757221 0.416796
5445 672664 4.27983 0.771116 0.407604
5450 672445 4.26434 0.780454 0.396585
5455 672227 4.24859 0.789678 0.385362
5460 672011 4.2326 0.798771 0.373919
5465 671796 4.27492 0.826338 0.4131
5470 671582 4.3136 0.812772 0.439218
5475 671370 4.35184 0.805178 0.466367
5480 671159 4.38909 0.797179 0.4926
5485 670950 4.32713 0.767161 0.43474
5490 670743 4.27029 0.797681 0.398008
5495 670536 4.21026 0.822552 0.355146
5500 670332 4.20632 0.846884 0.356368
5505 670129 4.20094 0.849062 0.351613
5510 669928 4.19566 0.853879 0.347566
5515 669728 4.19036 0.859372 0.343717
5520 669530 4.1615 0.86477 0.321666
5525 669333 4.13252 0.875831 0.300524
5530 669139 4.10299 0.886282 0.278886
5535 668946 4.07299 0.896275 0.256749
5540 668755 4.10489 0.921839 0.286527
5545 668566 4.13623 0.917104 0.309367
5550 668378 4.16733 0.915641 0.33258
5555 668192 4.19804 0.913719 0.355417
5560 668009 4.12044 0.888243 0.28738
5565 667827 4.04142 0.914837 0.231801
5570 667647 3.95984 0.933746 0.170423
5575 667469 3.94058 0.954357 0.158951
5580 667293 3.92186 0.953663 0.143635
5585 667118 3.90271 0.965915 0.130066
5590 666946 3.88362 0.965392 0.114808
5595 666776 3.83811 0.970793 0.0792559
5600 666608 3.79156 0.97733 0.0437876
5605 666442 3.74446 0.982727 0.00764891
5610 666278 3.69675 0.987136 -0.0289988
5615 666116 3.62128 0.982444 -0.0880906
5620 665957 3.54348 0.982973 -0.147369
5625 665799 3.46457 0.980087 -0.20749
5630 665644 3.38461 0.9743 -0.267827
5635 665490 3.37627 0.994354 -0.272404
5640 665339 3.37083 0.995239 -0.276963
5645 665190 3.36483 0.998208 -0.281213
5650 665043 3.35901 1.00155 -0.285816
5655 664899 3.35314 1.00501 -0.290389
5660 664757 3.31776 0.993604 -0.316372
5665 664617 3.28163 0.997653 -0.345683
5670 664479 3.24493 0.994774 -0.373061
5675 664344 3.20795 0.991269 -0.400508
5680 664211 3.17066 0.987049 -0.427966
5685 664080 3.10253 0.967281 -0.477826
5690 663951 3.0317 0.950498 -0.527248
5695 663825 2.96025 0.930588 -0.576528
5700 663701 2.96602 0.948307 -0.568678
5705 663580 2.97732 0.959316 -0.565215
5710 663461 2.98716 0.969476 -0.559086
5715 663344 2.99749 0.978584 -0.553093
5720 663230 3.0077 0.987349 -0.546751
5725 663118 3.01797 0.995849 -0.540342
5730 663008 3.02823 1.00419 -0.533847
5735 662901 3.00843 0.994788 -0.54738
5740 662797 2.98688 0.990039 -0.560784
5745 662694 2.96568 0.986378 -0.575464
5750 662595 2.94424 0.983186 -0.590285
5755 662497 2.92273 0.979982 -0.605248
5760 662402 2.90111 0.976624 -0.620216
5765 662310 2.8794 0.973031 -0.635162
5770 662219 2.93447 1.01694 -0.600459
5775 662132 2.99334 1.04684 -0.564324
5780 662046 3.0511 1.07058 -0.524816
5785 661964 3.1083 1.0909 -0.484344
5790 661883 3.13644 1.09975 -0.467056
5795 661805 3.1623 1.11016 -0.447384
5800 661730 3.18862 1.12007 -0.428395
5805 661657 3.21467 1.12971 -0.409186
5810 661586 3.24063 1.13894 -0.389946
5815 661518 3.26644 1.14777 -0.370624
5820 661452 3.29212 1.1562 -0.351238
5825 661389 3.28912 1.1498 -0.352861
5830 661328 3.28507 1.15086 -0.354538
5835 661270 3.28164 1.15373 -0.357391
5840 661214 3.27822 1.15727 -0.360372
5845 661160 3.27484 1.16099 -0.363452
5850 661109 3.27147 1.16478 -0.366557
5855 661061 3.26811 1.16858 -0.369679
5860 661014 3.26475 1.17238 -0.372811
5865 660970 3.33401 1.20735 -0.320342
5870 660929 3.40382 1.21903 -0.266471
5875 660890 3.47184 1.2288 -0.211491
5880 660853 3.53923 1.23701 -0.156804
5885 660818 3.48228 1.19883 -0.204559
5890 660786 3.42104 1.20473 -0.252091
5895 660757 3.36072 1.20236 -0.301072
5900 660729 3.29932 1.19901 -0.349826
5905 660704 3.21358 1.18318 -0.417956
5910 660682 3.12776 1.17145 -0.484106
5915 660661 3.04189 1.15656 -0.549549
5920 660643 3.12329 1.22355 -0.488244
5925 660627 3.20746 1.24555 -0.431157
5930 660614 3.28987 1.26171 -0.365951
5935 660602 3.37139 1.27407 -0.299805
5940 660593 3.45216 1.28419 -0.233243
5945 660586 3.5055 1.28361 -0.189052
5950 660582 3.55805 1.29022 -0.144991
5955 660579 3.61044 1.29586 -0.10128
5960 660579 3.63628 1.29277 -0.0801877
5965 660581 3.6615 1.30226 -0.0587896
5970 660585 3.68683 1.3075 -0.0375504
5975 660592 3.71196 1.31177 -0.0161869
5980 660600 3.73727 1.30913 0.0048546
5985 660611 3.73569 1.30569 0.00265215
5990 660623 3.73371 1.30801 0.000949131
5995 660638 3.73171 1.31146 -0.000745976
6000 660655 3.72972 1.31513 -0.00244169
6005 660674 3.72772 1.31883 -0.00414145
6010 660695 3.72573 1.32253 -0.00584582
6015 660718 3.72373 1.32621 -0.00755495
6020 660743 3.78742 1.35178 0.0497177
6025 660770 3.8516 1.35372 0.105634
6030 660799 3.91533 1.35627 0.161361
6035 660830 3.97861 1.35824 0.216891
6040 660863 3.92881 1.3192 0.164013
6045 660898 3.87484 1.33148 0.118308
6050 660934 3.81995 1.33669 0.0724507
6055 660973 3.765 1.3414 0.0258117
6060 661014 3.68425 1.33753 -0.0437959
6065 661056 3.60238 1.34775 -0.113902
6070 661100 3.51954 1.34091 -0.183851
6075 661146 3.50422 1.36372 -0.197077
6080 661194 3.48991 1.36177 -0.210256
6085 661244 3.47494 1.36351 -0.222915
6090 661296 3.46013 1.366 -0.235851
6095 661349 3.44538 1.36866 -0.248904
6100 661404 3.43064 1.37135 -0.26202
6105 661461 3.41591 1.37401 -0.275181
6110 661519 3.47005 1.41124 -0.230932
6115 661579 3.52464 1.41185 -0.186108
6120 661641 3.57673 1.41673 -0.138989
6125 661705 3.62893 1.42096 -0.0923177
6130 661770 3.65533 1.4167 -0.0689004
6135 661837 3.6813 1.42619 -0.0452275
6140 661906 3.70763 1.42388 -0.0219529
6145 661976 3.73337 1.43319 0.00187232
6150 662047 3.75961 1.43059 0.0250731
6155 662121 3.75991 1.4271 0.0247131
6160 662196 3.76001 1.42885 0.0246073
6165 662272 3.76002 1.43178 0.0245978
6170 662350 3.76001 1.43497 0.0246155
6175 662429 3.76 1.43821 0.0246401
6180 662510 3.75998 1.44145 0.0246663
6185 662593 3.82326 1.46643 0.085412
6190 662677 3.88683 1.46873 0.145497
6195 662762 3.95043 1.47158 0.205295
6200 662849 4.01372 1.4743 0.265169
6205 662937 3.96708 1.43391 0.212638
6210 663027 3.91794 1.44242 0.164458
6215 663118 3.86604 1.44689 0.118721
6220 663210 3.81438 1.45113 0.0722681
6225 663304 3.82734 1.473 0.0868232
6230 663399 3.84059 1.48064 0.100904
6235 663496 3.85425 1.48484 0.114524
6240 663593 3.86805 1.48817 0.127964
6245 663693 3.8819 1.49127 0.14136
6250 663793 3.89573 1.49429 0.15476
6255 663895 3.90954 1.49728 0.168179
6260 663998 3.98472 1.51795 0.244076
6265 664102 4.06248 1.51233 0.317091
6270 664208 4.1366 1.52463 0.393939
6275 664315 4.18839 1.51916 0.443714
6280 664423 4.24014 1.52173 0.493444
6285 664533 4.29095 1.525 0.544129
6290 664643 4.34153 1.52876 0.595074
6295 664755 4.36962 1.52088 0.619132
6300 664868 4.39518 1.53041 0.646196
6305 664982 4.42192 1.5264 0.67171
6310 665098 4.44703 1.53669 0.699286
6315 665215 4.47328 1.53361 0.725426
6320 665332 4.40355 1.48068 0.638159
6325 665451 4.33049 1.4882 0.555
6330 665571 4.24472 1.49606 0.477603
6335 665693 4.2197 1.51653 0.459061
6340 665815 4.19418 1.52291 0.440066
6345 665938 4.17193 1.51892 0.417237
6350 666063 4.12386 1.52091 0.370452
6355 666189 4.07485 1.52545 0.324474
6360 666316 4.02557 1.52999 0.278498
6365 666444 3.97631 1.53422 0.232241
6370 666573 3.98936 1.55725 0.24887
6375 666703 4.00194 1.56625 0.265861
6380 666834 4.01534 1.57128 0.282052
6385 666967 4.02925 1.57505 0.297736
6390 667100 4.04342 1.57839 0.313193
6395 667235 4.05767 1.58156 0.32857
6400 667370 4.07195 1.58469 0.343938
6405 667507 4.14566 1.60856 0.426053
6410 667645 4.2225 1.60599 0.506186
6415 667784 4.29898 1.61282 0.586784
6420 667924 4.26796 1.57731 0.548164
6425 668064 4.2402 1.57284 0.506281
6430 668206 4.2065 1.57343 0.470469
6435 668349 4.17151 1.5763 0.435937
6440 668494 4.19581 1.60481 0.467046
6445 668639 4.21862 1.61838 0.499865
6450 668785 4.24276 1.61847 0.531912
6455 668932 4.26874 1.6305 0.561911
6460 669081 4.29503 1.62868 0.592311
6465 669230 4.2989 1.62432 0.594973
6470 669381 4.30289 1.62389 0.597358
6475 669532 4.30637 1.62507 0.600174
6480 669685 4.3094 1.62708 0.603383
6485 669838 4.31212 1.62956 0.606865
6490 669993 4.31463 1.63233 0.610524
6495 670149 4.31702 1.63527 0.614299
6500 670305 4.29726 1.62238 0.591348
6505 670463 4.2785 1.61777 0.56729
6510 670622 4.25767 1.62669 0.544891
6515 670782 4.23672 1.62172 0.522945
6520 670943 4.21458 1.63141 0.501776
6525 671105 4.16946 1.62419 0.454491
6530 671268 4.12478 1.62553 0.406811
6535 671432 4.07928 1.62777 0.359972
6540 671597 4.03365 1.63022 0.313302
6545 671764 4.04768 1.65377 0.330823
6550 671931 4.0606 1.66401 0.349671
6555 672100 4.07402 1.67001 0.368223
6560 672270 4.08797 1.67455 0.38637
6565 672440 4.10228 1.67855 0.404261
6570 672612 4.11677 1.68236 0.42203
6575 672785 4.18812 1.70908 0.507083
6580 672959 4.25907 1.71054 0.592522
6585 673135 4.3298 1.7333 0.67806
6590 673311 4.29877 1.6927 0.644005
6595 673489 4.27224 1.67396 0.604232
6600 673667 4.24601 1.67652 0.563121
6605 673847 4.21454 1.67643 0.526988
6610 674028 4.18221 1.67735 0.491704
6615 674210 4.20766 1.70654 0.523007
6620 674393 4.23094 1.72183 0.55718
6625 674578 4.25325 1.72352 0.593484
6630 674763 4.27911 1.73736 0.625827
6635 674950 4.30375 1.73776 0.660802
6640 675138 4.30801 1.73466 0.666343
6645 675327 4.31257 1.73486 0.671269
6650 675518 4.31688 1.7365 0.676251
6655 675709 4.32085 1.73887 0.681425
6660 675902 4.32455 1.74166 0.686781
6665 676096 4.32803 1.74471 0.69228
6670 676292 4.33135 1.74792 0.697887
6675 676488 4.3115 1.73339 0.675646
6680 676686 4.29314 1.72662 0.651478
6685 676885 4.27465 1.72346 0.627196
6690 677086 4.25498 1.73257 0.602873
6695 677287 4.23462 1.72672 0.580474
6700 677490 4.21489 1.72471 0.557345
6705 677695 4.17245 1.72353 0.507711
6710 677900 4.12969 1.7233 0.458617
6715 678107 4.08685 1.7235 0.409863
6720 678316 4.04408 1.72397 0.361315
6725 678525 4.06055 1.74871 0.37971
6730 678737 4.07535 1.76042 0.400225
6735 678949 4.09 1.76752 0.421217
6740 679163 4.10482 1.77298 0.442236
6745 679378 4.11984 1.77786 0.463206
6750 679595 4.13498 1.78257 0.484149
6755 679813 4.15018 1.78729 0.505105
6760 680033 4.22075 1.81819 0.591314
6765 680254 4.28414 1.82384 0.677734
6770 680476 4.34713 1.84103 0.764166
6775 680700 4.31411 1.80514 0.733731
6780 680925 4.28576 1.7861 0.697373
6785 681152 4.25995 1.7872 0.65672
6790 681381 4.23124 1.78549 0.618885
6795 681610 4.26017 1.8175 0.651699
6800 681842 4.286 1.83691 0.688628
6805 682075 4.30778 1.84226 0.730944
6810 682309 4.33442 1.85971 0.767911
6815 682545 4.35708 1.8643 0.810377
6820 682783 4.28081 1.79686 0.724754
6825 683022 4.22043 1.79714 0.63829
6830 683263 4.15577 1.79057 0.55191
6835 683505 4.0894 1.78538 0.46558
6840 683749 4.15753 1.84766 0.536475
6845 683995 4.2164 1.86444 0.618508
6850 684242 4.27199 1.87053 0.701631
6855 684491 4.22917 1.82852 0.658192
6860 684741 4.19243 1.8178 0.606426
6865 684994 4.15512 1.813 0.554859
6870 685247 4.11708 1.81008 0.504093
6875 685503 4.136 1.83599 0.522446
6880 685760 4.15268 1.85021 0.543708
6885 686019 4.16844 1.85964 0.56626
6890 686280 4.18381 1.86714 0.589408
6895 686542 4.19898 1.87392 0.612865
6900 686807 4.21401 1.8805 0.636515
6905 687073 4.20611 1.86916 0.633915
6910 687340 4.19961 1.86463 0.629317
6915 687610 4.1937 1.86334 0.623864
6920 687881 4.18799 1.86361 0.618053
6925 688154 4.18235 1.86464 0.6121
6930 688429 4.17673 1.86603 0.606099
6935 688706 4.17109 1.86761 0.600085
6940 688984 4.22415 1.9149 0.661118
6945 689264 4.2683 1.93203 0.733934
6950 689547 4.31193 1.95085 0.807493
6955 689831 4.35439 1.97186 0.881763
6960 690117 4.39507 1.99527 0.956594
6965 690404 4.41248 2.00238 1.00438
6970 690694 4.43678 2.02351 1.0443
6975 690986 4.45876 2.04326 1.08573
6980 691279 4.47011 2.05406 1.13473
6985 691574 4.46921 2.05485 1.14777
6990 691872 4.46924 2.05777 1.15955
6995 692171 4.46972 2.062 1.17059
7000 692472 4.47038 2.06706 1.18116
7005 692775 4.47106 2.07265 1.19146
7010 693080 4.47169 2.07858 1.20156
7015 693387 4.47219 2.08475 1.21155
7020 693695 4.52747 2.14717 1.28914
7025 694006 4.53524 2.18452 1.37326
7030 694319 4.54282 2.22588 1.45669
7035 694633 4.53272 2.25034 1.51649
7040 694950 4.54041 2.2832 1.56916
7045 695269 4.52772 2.31086 1.62232
7050 695589 4.53012 2.32654 1.64468
7055 695912 4.51499 2.33815 1.66753
7060 696236 4.51794 2.35445 1.68895
7065 696563 4.50292 2.36641 1.71041
7070 696891 4.50561 2.38258 1.73129
7075 697222 4.48657 2.37576 1.72654
7080 697554 4.47321 2.372 1.72078
7085 697889 4.46332 2.36979 1.71457
7090 698225 4.4556 2.36833 1.70822
7095 698564 4.44926 2.36716 1.70187
7100 698904 4.44381 2.36606 1.69561
7105 699247 4.43898 2.36492 1.68946
7110 699591 4.41613 2.3422 1.6579
7115 699938 4.40026 2.32212 1.62492
7120 700286 4.39995 2.3096 1.58738
7125 700637 4.38622 2.28856 1.55437
7130 700989 4.38766 2.27417 1.51655
7135 701344 4.42449 2.30968 1.54923
7140 701700 4.44846 2.33952 1.58486
7145 702058 4.4494 2.35994 1.62391
7150 702419 4.4467 2.37955 1.66219
7155 702781 4.4418 2.39873 1.69954
7160 703145 4.36683 2.32471 1.61901
7165 703512 4.34852 2.27712 1.53314
7170 703880 4.33429 2.22922 1.44721
7175 704250 4.40887 2.3038 1.51676
7180 704622 4.44463 2.36188 1.59377
7185 704996 4.42535 2.39606 1.6749
7190 705372 4.37838 2.35501 1.63436
7195 705750 4.34641 2.32062 1.59086
7200 706129 4.33566 2.2962 1.54111
7205 706511 4.32663 2.27121 1.49062
7210 706894 4.31735 2.2458 1.43943
7215 707280 4.34802 2.27344 1.45943
7220 707667 4.36956 2.29754 1.48197
7225 708056 4.38426 2.31883 1.50599
7230 708447 4.39382 2.33791 1.53086
7235 708839 4.39949 2.35525 1.55614
7240 709234 4.38678 2.36624 1.5834
7245 709630 4.39932 2.42185 1.67025
7250 710028 4.38071 2.4584 1.7571
7255 710428 4.35458 2.47953 1.82055
7260 710829 4.34743 2.50966 1.88157
7265 711232 4.32429 2.51962 1.91617
7270 711637 4.32196 2.53835 1.95055
7275 712044 4.31474 2.55351 1.98469
7280 712452 4.24422 2.48399 1.90617
7285 712862 4.24458 2.45302 1.8216
7290 713274 4.25982 2.42057 1.73678
7295 713687 4.32758 2.49151 1.80974
7300 714102 4.32586 2.52632 1.8847
7305 714518 4.30333 2.54757 1.95766
7310 714936 4.25827 2.50781 1.91809
7315 715355 4.23149 2.47812 1.87725
7320 715776 4.23094 2.46247 1.83317
7325 716198 4.2312 2.44455 1.78937
7330 716622 4.26244 2.47307 1.81229
7335 717048 4.28033 2.49507 1.83623
7340 717474 4.28968 2.5125 1.8605
7345 717902 4.27899 2.52014 1.88491
7350 718332 4.27035 2.5287 1.90899
7355 718763 4.2575 2.52276 1.90818
7360 719195 4.24825 2.51898 1.9072
7365 719628 4.24131 2.51653 1.90612
7370 720063 4.23582 2.5149 1.90498
7375 720498 4.23127 2.51378 1.9038
7380 720935 4.22732 2.51297 1.90261
7385 721374 4.22375 2.51234 1.90142
7390 721813 4.20122 2.48944 1.87389
7395 722253 4.18707 2.47049 1.84575
7400 722695 4.19043 2.46058 1.81562
7405 723137 4.18013 2.44239 1.78708
7410 723581 4.18733 2.43228 1.75625
7415 724025 4.17505 2.39844 1.70015
7420 724471 4.18262 2.37149 1.63972
7425 724917 4.16965 2.33558 1.58148
7430 725364 4.1943 2.35374 1.59065
7435 725812 4.21118 2.37002 1.60098
7440 726261 4.22249 2.38465 1.61201
7445 726711 4.22973 2.39785 1.62347
7450 727161 4.23399 2.40984 1.63519
7455 727612 4.23604 2.42079 1.64706
7460 728064 4.23642 2.43088 1.65902
7465 728517 4.25196 2.48647 1.73364
7470 728970 4.23382 2.52016 1.80761
7475 729423 4.21616 2.54719 1.88132
7480 729878 4.20023 2.56068 1.9305
7485 730332 4.18738 2.57368 1.97955
7490 730787 4.17539 2.57636 2.00393
7495 731243 4.16638 2.58055 2.02826
7500 731699 4.15882 2.5853 2.05251
7505 732155 4.14697 2.57855 2.05312
7510 732612 4.13815 2.57399 2.05373
7515 733069 4.13139 2.57089 2.05431
7520 733526 4.12601 2.56876 2.05488
7525 733983 4.12155 2.56728 2.05545
7530 734441 4.1177 2.56622 2.05601
7535 734898 4.09552 2.54479 2.03182
7540 735356 4.0812 2.52826 2.00742
7545 735814 4.07213 2.51454 1.9828
7550 736272 4.07936 2.5107 1.95721
7555 736729 4.07146 2.49658 1.93254
7560 737187 4.08005 2.49147 1.90676
7565 737645 4.0692 2.46212 1.85492
7570 738102 4.08072 2.44101 1.80043
7575 738559 4.08549 2.41502 1.74543
7580 739016 4.10873 2.43373 1.75784
7585 739473 4.12447 2.44998 1.7708
7590 739930 4.13493 2.46423 1.78401
7595 740386 4.14161 2.47687 1.79731
7600 740842 4.14553 2.48817 1.81064
7605 741297 4.14741 2.49836 1.82394
7610 741752 4.16537 2.54992 1.8981
7615 742207 4.14989 2.57694 1.97019
7620 742661 4.12223 2.58029 2.0184
7625 743115 4.11586 2.59501 2.06781
7630 743567 4.04986 2.5314 2.00587
7635 744020 4.01859 2.48847 1.94271
7640 744471 4.02418 2.46154 1.8766
7645 744922 4.02969 2.42971 1.8091
7650 745372 4.03506 2.37745 1.72199
7655 745821 4.01948 2.31231 1.63487
7660 746270 4.03329 2.30007 1.60321
7665 746718 4.02538 2.28168 1.57598
7670 747164 4.01731 2.26295 1.54849
7675 747610 4.00881 2.24392 1.52081
7680 748055 3.9997 2.22461 1.49299
7685 748499 4.04817 2.26918 1.53035
7690 748942 4.0886 2.31339 1.56941
7695 749384 4.12233 2.35634 1.60927
7700 749825 4.15046 2.39744 1.64929
7705 750265 4.17407 2.43639 1.68908
7710 750704 4.17589 2.47017 1.72774
7715 751141 4.1543 2.47773 1.74106
7720 751578 4.15211 2.48888 1.75518
7725 752013 4.14978 2.49958 1.7692
7730 752447 4.14734 2.50986 1.78314
7735 752879 4.14483 2.51975 1.79698
7740 753311 4.14227 2.52927 1.81073
7745 753741 4.14294 2.57711 1.88182
7750 754169 4.12676 2.60768 1.94967
7755 754596 4.07669 2.56568 1.91364
7760 755022 4.03476 2.5282 1.87839
7765 755446 4.00162 2.49473 1.84349
7770 755868 3.97642 2.46408 1.80847
7775 756289 3.95765 2.43496 1.77297
7780 756709 3.95932 2.39289 1.70921
7785 757127 3.95905 2.34611 1.64301
7790 757543 3.93943 2.29234 1.57724
7795 757957 3.95911 2.2982 1.57798
7800 758370 3.97453 2.30409 1.57957
7805 758782 3.98678 2.30995 1.58175
7810 759191 3.99664 2.31576 1.58435
7815 759599 4.00465 2.3215 1.58727
7820 760005 4.0112 2.32715 1.59041
7825 760410 4.0166 2.33271 1.59373
7830 760813 3.99808 2.31333 1.57201
7835 761213 3.98145 2.29384 1.54996
7840 761612 3.96625 2.27411 1.52757
7845 762009 3.95207 2.25409 1.50486
7850 762405 3.93854 2.23372 1.48185
7855 762798 3.92534 2.213 1.45859
7860 763190 3.9122 2.19195 1.43513
7865 763579 3.87488 2.14529 1.38622
7870 763967 3.83781 2.09778 1.33671
7875 764352 3.8 2.04973 1.28701
7880 764736 3.76077 2.0015 1.23755
7885 765118 3.71979 1.95337 1.18871
7890 765498 3.67702 1.90548 1.14072
7895 765875 3.63267 1.85778 1.09366
7900 766251 3.65086 1.87303 1.1098
7905 766625 3.66922 1.88824 1.12586
7910 766997 3.68769 1.90344 1.14188
7915 767366 3.70623 1.91867 1.15788
7920 767734 3.7248 1.93393 1.1739
7925 768099 3.74338 1.94926 1.18995
7930 768463 3.76193 1.96467 1.20606
7935 768824 3.84218 2.04222 1.28399
7940 769183 3.92173 2.12059 1.36235
7945 769540 3.99998 2.19963 1.44117
7950 769895 4.07723 2.27889 1.52009
7955 770247 4.1555 2.35811 1.59871
7960 770598 4.23939 2.43816 1.67714
7965 770947 4.32536 2.52229 1.75666
7970 771293 4.4076 2.60081 1.82011
7975 771637 4.49102 2.68278 1.89665
7980 771980 4.57594 2.76586 1.97731
7985 772321 4.66247 2.85034 2.05921
7990 772660 4.73403 2.9176 2.11289
7995 772998 4.80765 2.9871 2.16862
8000 773334 4.87713 3.05277 2.21374
8005 773669 4.94278 3.11579 2.24646
8010 774004 5.03005 3.20306 2.32141
8015 774337 5.11731 3.29033 2.31082
8020 774669 5.20458 3.37759 2.29503
8025 774999 5.26973 3.43942 2.24725
8030 775328 5.31211 3.47402 2.23743
8035 775654 5.33047 3.49211 2.24777
8040 775978 5.32441 3.48911 2.2421
8045 776300 5.32101 3.4887 2.24372
8050 776620 5.31671 3.48754 2.24459
8055 776937 5.30822 3.4793 2.23938
8060 777252 5.30641 3.47669 2.24137
8065 777564 5.30387 3.47345 2.24236
8070 777875 5.30147 3.4703 2.24342
8075 778183 5.29907 3.46715 2.24444
8080 778488 5.2967 3.464 2.24544
8085 778791 5.29435 3.46085 2.24642
8090 779092 5.30406 3.47691 2.2617
8095 779391 5.29503 3.47645 2.25952
8100 779687 5.28889 3.47886 2.26104
8105 779981 5.28207 3.4809 2.26196
8110 780273 5.27019 3.47555 2.25769
8115 780562 5.2659 3.47683 2.26
8120 780849 5.26037 3.47715 2.26084
8125 781134 5.25502 3.47772 2.26196
8130 781417 5.23137 3.44099 2.2402
8135 781697 5.24239 3.4304 2.24584
8140 781975 5.24821 3.41648 2.24514
8145 782250 5.27973 3.45395 2.27722
8150 782524 5.26622 3.45205 2.27102
8155 782795 5.25945 3.45655 2.27334
8160 783064 5.25124 3.46013 2.27424
8165 783331 5.23823 3.45661 2.27025
8170 783595 5.23257 3.45956 2.27261
8175 783857 5.22566 3.46163 2.27359
8180 784117 5.2007 3.42588 2.2514
8185 784375 5.21109 3.41657 2.25673
8190 784631 5.21614 3.40382 2.25565
8195 784884 5.22198 3.39178 2.25574
8200 785135 5.23716 3.40282 2.26947
8205 785384 5.23247 3.39803 2.26657
8210 785631 5.2306 3.39542 2.2675
8215 785876 5.22839 3.39252 2.2681
8220 786118 5.22622 3.38963 2.26874
8225 786359 5.22007 3.37797 2.26477
8230 786597 5.2218 3.37248 2.26618
8235 786833 5.22237 3.36613 2.26629
8240 787067 5.22314 3.35993 2.26662
8245 787299 5.22013 3.34464 2.26134
8250 787529 5.2251 3.33541 2.2624
8255 787757 5.22882 3.3254 2.26214
8260 787982 5.23267 3.31559 2.26213
8265 788206 5.23258 3.29606 2.25607
8270 788427 5.24372 3.28527 2.25791
8275 788647 5.25011 3.27129 2.25745
8280 788864 5.2801 3.30752 2.29108
8285 789080 5.26691 3.30596 2.28543
8290 789293 5.26013 3.31061 2.2871
8295 789505 5.2472 3.30734 2.2821
8300 789714 5.24167 3.31069 2.28385
8305 789922 5.23486 3.31315 2.28436
8310 790127 5.22364 3.30809 2.27957
8315 790331 5.21996 3.30927 2.28126
8320 790532 5.21505 3.30954 2.28169
8325 790732 5.21031 3.31002 2.28236
8330 790930 5.21677 3.33031 2.2971
8335 791126 5.20427 3.33469 2.29562
8340 791320 5.19436 3.34184 2.29744
8345 791512 5.18371 3.34888 2.29885
8350 791702 5.15382 3.31863 2.2734
8355 791890 5.1605 3.31519 2.28002
8360 792077 5.16114 3.30786 2.27864
8365 792261 5.16282 3.3012 2.2786
8370 792444 5.16102 3.28514 2.27251
8375 792625 5.16718 3.27482 2.27264
8380 792804 5.17211 3.26379 2.27161
8385 792981 5.18604 3.27661 2.28599
8390 793157 5.18003 3.27404 2.28409
8395 793330 5.17881 3.27524 2.28578
8400 793502 5.17283 3.27259 2.28522
8405 793672 5.17155 3.27381 2.28677
8410 793841 5.17589 3.29225 2.30092
8415 794007 5.16344 3.29727 2.30005
8420 794172 5.15334 3.30461 2.3021
8425 794335 5.1426 3.31185 2.30383
8430 794497 5.1276 3.31118 2.30007
8435 794656 5.12016 3.31671 2.30275
8440 794814 5.11141 3.32143 2.30425
8445 794971 5.09907 3.31768 2.30025
8450 795125 5.09455 3.31991 2.30247
8455 795278 5.08875 3.3213 2.30346
8460 795430 5.08314 3.32286 2.30471
8465 795579 5.08689 3.34683 2.32101
8470 795727 5.07065 3.3551 2.3215
8475 795874 5.05719 3.36584 2.32553
8480 796018 5.04301 3.37635 2.32922
8485 796161 5.0133 3.34607 2.30452
8490 796303 5.02096 3.34123 2.31037
8495 796443 5.02262 3.33337 2.3081
8500 796581 5.02535 3.32605 2.30723
8505 796717 5.03524 3.34328 2.32191
8510 796852 5.02462 3.34525 2.32126
8515 796986 5.01717 3.34944 2.32399
8520 797118 4.9966 3.30848 2.29754
8525 797248 5.01653 3.29519 2.29781
8530 797377 5.02543 3.27376 2.29207
8535 797504 5.04515 3.28296 2.3056
8540 797630 5.04073 3.27542 2.30127
8545 797754 5.04291 3.27223 2.30285
8550 797876 5.04071 3.2661 2.30059
8555 797997 5.04294 3.26295 2.30205
8560 798117 5.05049 3.28234 2.31768
8565 798235 5.03787 3.28681 2.31765
8570 798351 5.02822 3.29352 2.32075
8575 798466 5.01798 3.29996 2.32343
8580 798580 4.99458 3.26154 2.2963
8585 798691 5.00972 3.24819 2.29654
8590 798802 5.01933 3.23171 2.29183
8595 798911 5.03651 3.24275 2.30622
