0 649792 0 0 0
10 649796 0.03441 -0.00657174 -0.0399612
20 649808 0.0237896 0.0113358 -0.0684133
30 649828 -0.0156245 0.0448701 -0.104406
40 649856 -0.00227236 0.102051 -0.163335
50 649891 -0.0363226 0.17923 -0.154473
60 649934 0.0287903 0.183886 -0.144527
70 649984 0.0628777 0.205717 -0.138688
80 650042 0.0801321 0.232522 -0.219669
90 650106 0.0478974 0.25973 -0.174683
100 650178 0.0609071 0.240856 -0.202467
110 650256 0.0902677 0.234155 -0.159484
120 650342 0.0695233 0.282221 -0.119164
130 650433 0.0914274 0.289881 -0.151085
140 650532 0.111513 0.278317 -0.148232
150 650636 0.114314 0.251007 -0.154421
160 650747 0.0817768 0.26439 -0.229028
170 650864 0.0486298 0.19158 -0.193442
180 650987 0.0615209 0.183804 -0.17409
190 651116 0.0322283 0.222303 -0.187042
200 651250 0.00396705 0.237315 -0.152977
210 651390 -0.0216226 0.197627 -0.171882
220 651536 -0.00101376 0.197209 -0.199009
230 651687 0.00681244 0.189244 -0.190034
240 651844 0.0353465 0.155301 -0.188561
250 652006 0.0306854 0.122824 -0.207431
260 652173 0.0747271 0.175998 -0.200528
270 652345 0.0617974 0.212239 -0.208888
280 652523 0.0758777 0.245647 -0.221958
290 652705 0.0189887 0.250535 -0.237116
300 652892 0.0651804 0.263368 -0.243908
310 653084 0.0669361 0.272104 -0.275036
320 653281 0.0994857 0.252345 -0.293099
330 653482 0.108553 0.240763 -0.239698
340 653689 0.12045 0.259095 -0.250218
350 653900 0.105026 0.348998 -0.205032
360 654115 0.129067 0.388304 -0.219866
370 654335 0.129504 0.408593 -0.220461
380 654560 0.0981165 0.417698 -0.178103
390 654788 0.0327307 0.485998 -0.164494
400 655021 0.0714845 0.486041 -0.191997
410 655259 0.0924791 0.462276 -0.255248
420 655500 0.0560439 0.457736 -0.27883
430 655746 0.0179795 0.446136 -0.289424
440 655996 0.0954049 0.43973 -0.325745
450 656251 0.0859944 0.456852 -0.301358
460 656510 0.0712487 0.538088 -0.281851
470 656773 0.0704367 0.52443 -0.211215
480 657040 0.0583381 0.524515 -0.205076
490 657312 0.0504386 0.553139 -0.235325
500 657588 0.0938259 0.564361 -0.266573
510 657869 0.12754 0.615863 -0.309974
520 658153 0.0725937 0.662043 -0.328232
530 658441 0.038261 0.661214 -0.370733
540 658734 0.0478319 0.654081 -0.410203
550 659031 0.0698306 0.648872 -0.398627
560 659333 0.104522 0.67047 -0.433554
570 659639 0.133248 0.661657 -0.469594
580 659950 0.0863697 0.648285 -0.428156
590 660265 0.115564 0.583909 -0.439171
600 660586 0.13776 0.53817 -0.484069
610 660912 0.111565 0.536314 -0.44108
620 661243 0.127881 0.570433 -0.405098
630 661578 0.163714 0.577991 -0.437465
640 661919 0.134389 0.526373 -0.397071
650 662265 0.143768 0.474122 -0.425812
660 662617 0.16578 0.405716 -0.457982
670 662974 0.199674 0.403309 -0.463486
680 663336 0.205136 0.421361 -0.450245
690 663704 0.249106 0.439207 -0.433413
700 664078 0.29102 0.453635 -0.46545
710 664457 0.294149 0.420018 -0.447668
720 664842 0.332816 0.449581 -0.431
730 665233 0.338196 0.448292 -0.436431
740 665630 0.259428 0.417108 -0.492203
750 666032 0.230159 0.387302 -0.523217
760 666441 0.301858 0.357453 -0.51426
770 666855 0.294459 0.36753 -0.49649
780 667276 0.323862 0.307847 -0.505328
790 667704 0.313783 0.252626 -0.546291
800 668138 0.292466 0.266097 -0.577219
810 668578 0.344743 0.253988 -0.572858
820 669026 0.433911 0.189464 -0.457087
830 669482 0.565648 0.143159 -0.306413
840 669945 0.698916 0.10285 -0.196944
850 670415 0.710728 0.100156 -0.187883
860 670892 0.708328 0.0979067 -0.187858
870 671376 0.710357 0.102021 -0.186068
880 671867 0.709159 0.106098 -0.184861
890 672366 0.709643 0.109469 -0.188358
900 672872 0.710175 0.11629 -0.187448
910 673386 0.71015 0.124632 -0.192393
920 673908 0.708797 0.124202 -0.191633
930 674437 0.710681 0.128732 -0.192396
940 674975 0.712851 0.135871 -0.197678
950 675520 0.711647 0.139763 -0.200961
960 676073 0.714295 0.145619 -0.20304
970 676634 0.711391 0.148649 -0.202571
980 677204 0.710171 0.154398 -0.202826
990 677782 0.710873 0.158208 -0.203938
1000 678368 0.709153 0.163869 -0.204717
1010 678962 0.709236 0.168201 -0.205915
1020 679565 0.709359 0.168393 -0.205862
1030 680176 0.703116 0.176094 -0.20145
1040 680796 0.703679 0.181563 -0.203039
1050 681425 0.703872 0.185501 -0.204234
1060 682062 0.703486 0.190449 -0.206356
1070 682708 0.700976 0.193518 -0.206077
1080 683362 0.698664 0.19981 -0.201954
1090 684026 0.689298 0.203992 -0.187243
1100 684697 0.687614 0.203017 -0.184458
1110 685378 0.68187 0.212946 -0.181084
1120 686067 0.680761 0.215059 -0.18115
1130 686766 0.680597 0.220921 -0.178657
1140 687472 0.676416 0.224664 -0.176973
1150 688188 0.677411 0.230938 -0.183284
1160 688912 0.67717 0.233462 -0.183631
1170 689644 0.676557 0.238369 -0.180968
1180 690385 0.679439 0.245688 -0.188261
1190 691135 0.678975 0.248864 -0.190174
1200 691893 0.677212 0.251772 -0.190896
1210 692659 0.673538 0.258563 -0.1865
1220 693434 0.672077 0.260668 -0.185381
1230 694216 0.670592 0.266519 -0.186051
1240 695007 0.679998 0.270081 -0.192684
1250 695806 0.674702 0.277853 -0.192879
1260 696612 0.672263 0.281253 -0.196108
1270 697426 0.670946 0.28682 -0.197426
1280 698247 0.671023 0.29159 -0.198568
1290 699076 0.668593 0.2967 -0.195506
1300 699911 0.66846 0.297345 -0.196029
1310 700754 0.664784 0.305256 -0.189481
1320 701604 0.660845 0.30825 -0.191143
1330 702460 0.659598 0.31319 -0.194205
1340 703322 0.66005 0.317227 -0.193933
1350 704190 0.659211 0.322399 -0.195069
1360 705065 0.655989 0.327593 -0.195658
1370 705945 0.658524 0.331432 -0.193123
1380 706830 0.656938 0.335575 -0.200055
1390 707721 0.658304 0.340026 -0.197918
1400 708617 0.647515 0.343802 -0.193265
1410 709517 0.64776 0.346388 -0.192815
1420 710421 0.64948 0.352711 -0.198275
1430 711330 0.647993 0.357093 -0.197978
1440 712243 0.646183 0.359803 -0.199511
1450 713159 0.640225 0.369062 -0.194056
1460 714078 0.638634 0.366368 -0.1938
1470 715000 0.63919 0.373966 -0.189803
1480 715924 0.63591 0.378089 -0.188221
1490 716851 0.630038 0.380919 -0.183014
1500 717780 0.629455 0.384625 -0.178833
1510 718710 0.626743 0.388418 -0.184891
1520 719642 0.622766 0.392832 -0.182182
1530 720575 0.620607 0.396623 -0.178417
1540 721508 0.617667 0.3995 -0.177201
1550 722441 0.614793 0.402376 -0.180075
1560 723375 0.618296 0.408362 -0.176685
1570 724308 0.618829 0.410671 -0.176152
1580 725240 0.611782 0.4133 -0.187465
1590 726172 0.612824 0.418935 -0.182126
1600 727102 0.607567 0.42191 -0.195407
1610 728030 0.609604 0.425479 -0.19337
1620 728957 0.594857 0.426042 -0.190635
1630 729881 0.600643 0.432123 -0.184849
1640 730802 0.588797 0.43391 -0.17805
1650 731720 0.58476 0.436775 -0.178737
1660 732635 0.584854 0.439954 -0.178643
1670 733547 0.583436 0.443326 -0.177348
1680 734455 0.562768 0.444096 -0.178269
1690 735358 0.563414 0.446927 -0.176932
1700 736257 0.558685 0.447761 -0.18215
1710 737152 0.556574 0.452375 -0.185286
1720 738041 0.546438 0.451207 -0.207038
1730 738925 0.542786 0.453761 -0.207544
1740 739804 0.520777 0.455701 -0.214772
1750 740677 0.505649 0.450091 -0.22753
1760 741543 0.494534 0.453279 -0.224702
1770 742404 0.449175 0.449369 -0.229998
1780 743258 0.394018 0.448066 -0.223549
1790 744106 0.360865 0.446279 -0.232673
1800 744947 0.285424 0.425556 -0.275288
1810 745780 0.132931 0.331128 -0.429818
1820 746607 -0.0379985 0.160198 -0.600748
1830 747426 -0.206228 -0.00803115 -0.768126
1840 748238 -0.273054 -0.114426 -0.704292
1850 749043 -0.41097 -0.255581 -0.669247
1860 749840 -0.487247 -0.384304 -0.609997
1870 750629 -0.364535 -0.472814 -0.45928
1880 751412 -0.19932 -0.488266 -0.291897
1890 752190 -0.108476 -0.590342 -0.166819
1900 752964 0.00535957 -0.673989 -0.00840766
1910 753735 0.0982604 -0.767672 0.114003
1920 754500 0.178505 -0.859844 0.182584
1930 755259 0.23222 -0.92829 0.254939
1940 756010 0.210932 -1.04628 0.288206
1950 756753 0.189266 -1.10075 0.322497
1960 757487 0.191325 -1.08251 0.314887
1970 758212 0.193072 -1.07792 0.312855
1980 758927 0.194374 -1.07097 0.309598
1990 759633 0.198121 -1.05996 0.309205
2000 760329 0.194639 -1.05352 0.307656
2010 761016 0.196275 -1.04511 0.306612
2020 761693 0.196519 -1.03788 0.304699
2030 762361 0.192698 -1.0275 0.308909
2040 763020 0.194438 -1.0204 0.305062
2050 763669 0.196729 -1.01342 0.304337
2060 764308 0.196746 -1.00554 0.301807
2070 764938 0.200101 -0.995759 0.303507
2080 765559 0.200589 -0.996358 0.299801
2090 766170 0.201404 -0.983285 0.298513
2100 766772 0.209654 -0.97419 0.295529
2110 767364 0.206403 -0.969231 0.293037
2120 767947 0.209642 -0.96337 0.294619
2130 768521 0.20862 -0.954863 0.286905
2140 769086 0.215058 -0.948843 0.283642
2150 769642 0.217825 -0.941828 0.28757
2160 770189 0.212236 -0.932595 0.289933
2170 770727 0.224489 -0.925617 0.282201
2180 771256 0.22492 -0.920328 0.277893
2190 771776 0.22875 -0.91329 0.277064
2200 772287 0.227667 -0.905177 0.276726
2210 772790 0.226717 -0.897447 0.277064
2220 773285 0.232274 -0.892777 0.274185
2230 773770 0.234117 -0.885739 0.27217
2240 774248 0.235788 -0.878984 0.269605
2250 774717 0.246055 -0.873821 0.262258
2260 775178 0.249201 -0.86597 0.262625
2270 775631 0.240064 -0.856721 0.270412
2280 776076 0.242496 -0.850997 0.264733
2290 776513 0.248265 -0.847537 0.261268
2300 776942 0.248832 -0.839433 0.263089
2310 777364 0.245374 -0.834021 0.261544
2320 777778 0.255408 -0.823657 0.253543
2330 778184 0.25784 -0.821224 0.254444
2340 778583 0.258124 -0.813561 0.253762
2350 778975 0.261596 -0.809365 0.248874
2360 779359 0.271949 -0.799653 0.24437
2370 779736 0.265906 -0.797228 0.244518
2380 780107 0.268568 -0.786564 0.247652
2390 780470 0.268296 -0.785103 0.24738
2400 780826 0.275015 -0.77193 0.242364
2410 781175 0.276888 -0.770938 0.240785
2420 781518 0.277899 -0.764897 0.241074
2430 781854 0.27895 -0.758483 0.239607
2440 782183 0.28231 -0.752496 0.237025
2450 782506 0.276138 -0.746265 0.239122
2460 782823 0.284607 -0.74095 0.232386
2470 783133 0.286314 -0.732792 0.23454
2480 783437 0.28623 -0.727277 0.234317
2490 783734 0.28473 -0.718696 0.237657
2500 784026 0.283349 -0.713098 0.235483
2510 784311 0.285406 -0.708641 0.236341
2520 784590 0.279928 -0.702271 0.241086
2530 784864 0.285855 -0.694424 0.238461
2540 785131 0.283339 -0.690522 0.237525
2550 785392 0.283416 -0.673528 0.243772
2560 785648 0.287687 -0.695884 0.268954
2570 785898 0.264402 -0.763423 0.229219
2580 786142 0.258874 -0.81849 0.213271
2590 786381 0.316075 -0.783348 0.197914
2600 786614 0.307994 -0.773363 0.173773
2610 786841 0.345452 -0.747488 0.1731
2620 787062 0.311116 -0.755269 0.120166
2630 787278 0.313411 -0.829327 0.0817117
2640 787489 0.326825 -0.824969 0.0793785
2650 787693 0.309643 -0.814101 0.0298049
2660 787892 0.292 -0.863671 0.0339484
2670 788086 0.27957 -0.836088 0.0272504
2680 788274 0.285997 -0.871218 -0.00168962
2690 788456 0.232917 -0.909785 0.0418143
2700 788633 0.249684 -0.894923 0.0465442
2710 788804 0.253257 -0.933556 0.0654865
2720 788969 0.224284 -0.978438 0.0246443
2730 789129 0.17431 -0.969364 0.0328509
2740 789283 0.179863 -1.00384 0.0451956
2750 789431 0.176822 -1.07065 0.0474835
2760 789573 0.156691 -1.08348 0.0300246
2770 789710 0.148702 -1.06513 0.0350551
2780 789841 0.161814 -1.0784 0.0595244
2790 789965 0.0979477 -1.08245 0.0361928
2800 790084 0.0170869 -1.08044 -0.0204712
2810 790197 0.0401797 -1.07001 -0.0523828
2820 790303 0.0276066 -1.05343 -0.0612397
2830 790404 0.0493544 -1.00488 -0.065269
2840 790498 0.0573603 -0.964 -0.0610578
2850 790586 0.047611 -0.956589 -0.0652843
2860 790668 0.0940994 -0.927689 -0.0597458
2870 790743 0.124071 -0.938357 -0.116052
2880 790811 0.130815 -0.95875 -0.168385
2890 790873 0.0830414 -0.98856 -0.200136
2900 790928 0.118107 -1.00457 -0.239777
2910 790977 0.130798 -0.994858 -0.234373
2920 791018 0.153444 -0.979393 -0.22434
2930 791053 0.176267 -0.98311 -0.22895
2940 791080 0.132933 -0.989201 -0.291521
2950 791101 0.222012 -0.955866 -0.291807
2960 791113 0.177099 -0.946879 -0.299229
2970 791119 0.19057 -0.943177 -0.276169
2980 791117 0.131895 -0.869265 -0.309012
2990 791107 0.152729 -0.845988 -0.367124
3000 791090 0.213295 -0.806095 -0.337558
3010 791065 0.154856 -0.803924 -0.385457
3020 791032 0.154637 -0.757312 -0.386287
3030 790990 0.172326 -0.768783 -0.325284
3040 790941 0.120435 -0.734911 -0.27188
3050 790884 0.197222 -0.698098 -0.282543
3060 790818 0.237643 -0.76354 -0.23403
3070 790743 0.252981 -0.761195 -0.208978
3080 790660 0.225964 -0.78421 -0.240972
3090 790568 0.229119 -0.832426 -0.285046
3100 790467 0.228865 -0.774871 -0.267518
3110 790358 0.248017 -0.759285 -0.251926
3120 790239 0.29771 -0.74615 -0.24273
3130 790112 0.241819 -0.700025 -0.18869
3140 789975 0.284065 -0.696051 -0.150718
3150 789829 0.282487 -0.693397 -0.164276
3160 789673 0.239988 -0.753544 -0.1432
3170 789508 0.27843 -0.728557 -0.173572
3180 789333 0.328538 -0.715124 -0.150996
3190 789149 0.283676 -0.709027 -0.219004
3200 788955 0.310115 -0.642132 -0.221486
3210 788752 0.296803 -0.61357 -0.226681
3220 788538 0.274765 -0.603088 -0.235693
3230 788315 0.227046 -0.630195 -0.250474
3240 788081 0.267659 -0.598122 -0.237047
3250 787838 0.316375 -0.597246 -0.210811
3260 787584 0.33392 -0.610992 -0.247418
3270 787321 0.330023 -0.571698 -0.297675
3280 787047 0.336625 -0.601753 -0.279739
3290 786763 0.36663 -0.631815 -0.24721
3300 786469 0.342789 -0.596058 -0.297873
3310 786164 0.380215 -0.601903 -0.28805
3320 785850 0.337955 -0.572925 -0.289465
3330 785525 0.317893 -0.540664 -0.260775
3340 785190 0.26264 -0.517237 -0.337988
3350 784845 0.262573 -0.483605 -0.322449
3360 784490 0.299861 -0.530115 -0.310599
3370 784125 0.284038 -0.514024 -0.298179
3380 783749 0.268195 -0.541921 -0.275301
3390 783363 0.278099 -0.602288 -0.236063
3400 782967 0.269852 -0.612564 -0.230374
3410 782562 0.264308 -0.577036 -0.218153
3420 782146 0.270664 -0.55718 -0.229187
3430 781721 0.366743 -0.567623 -0.208781
3440 781286 0.412759 -0.57784 -0.188779
3450 780842 0.450328 -0.558792 -0.255442
3460 780389 0.423658 -0.508424 -0.253859
3470 779927 0.447314 -0.48909 -0.24581
3480 779456 0.459168 -0.537152 -0.334338
3490 778975 0.461749 -0.539535 -0.324375
3500 778486 0.4986 -0.496656 -0.32268
3510 777988 0.460986 -0.492057 -0.281475
3520 777481 0.463917 -0.461772 -0.295683
3530 776967 0.510749 -0.467364 -0.289601
3540 776444 0.540039 -0.492573 -0.303027
3550 775914 0.579171 -0.451634 -0.29889
3560 775375 0.569366 -0.511114 -0.33619
3570 774828 0.58438 -0.495448 -0.387813
3580 774274 0.54003 -0.52625 -0.36771
3590 773711 0.537519 -0.57348 -0.337454
3600 773142 0.529836 -0.609712 -0.358929
3610 772565 0.494612 -0.613872 -0.314522
3620 771981 0.545025 -0.646779 -0.289382
3630 771391 0.47551 -0.705399 -0.309168
3640 770793 0.458751 -0.674244 -0.298213
3650 770191 0.427993 -0.693945 -0.275771
3660 769582 0.4126 -0.678079 -0.25338
3670 768968 0.433319 -0.646488 -0.239433
3680 768349 0.415922 -0.650397 -0.267177
3690 767726 0.573662 -0.492656 -0.108456
3700 767101 0.738787 -0.327531 0.0566692
3710 766474 0.730941 -0.214977 0.0279116
3720 765845 0.702561 -0.05236 0.0779866
3730 765213 0.631144 0.0379722 -0.00424581
3740 764579 0.611354 0.0691013 -0.0302258
3750 763942 0.616571 0.0786021 -0.0286551
3760 763301 0.616183 0.0851386 -0.0285763
3770 762657 0.614899 0.0894954 -0.0313907
3780 762011 0.618555 0.0957408 -0.0277342
3790 761363 0.619757 0.101552 -0.0322658
3800 760712 0.617332 0.106433 -0.030304
3810 760059 0.615237 0.112537 -0.0280833
3820 759404 0.611313 0.118983 -0.0233732
3830 758749 0.610195 0.121198 -0.0218146
3840 758091 0.607635 0.124999 -0.0102818
3850 757433 0.607263 0.133422 -0.0178048
3860 756774 0.608467 0.138174 -0.0202592
3870 756114 0.610046 0.143899 -0.016856
3880 755454 0.609257 0.149032 -0.019133
3890 754793 0.606982 0.154702 -0.0158662
3900 754133 0.606905 0.160753 -0.011136
3910 753473 0.603582 0.167079 -0.0110483
3920 752813 0.60389 0.169641 -0.0175008
3930 752153 0.605805 0.173463 -0.0140458
3940 751494 0.608857 0.176947 -0.0154503
3950 750836 0.603066 0.181316 -0.00809326
3960 750180 0.601116 0.188355 -0.00372039
3970 749524 0.599412 0.192338 -0.00163316
3980 748869 0.600815 0.196912 -0.000863686
3990 748216 0.598052 0.200629 0.00340162
4000 747565 0.595057 0.202285 8.24176e-05
4010 746915 0.595543 0.208742 0.00563118
4020 746268 0.587098 0.216274 0.00898273
4030 745622 0.589444 0.218442 0.0113288
4040 744978 0.590593 0.223012 0.0140281
4050 744336 0.585502 0.22628 0.0184249
4060 743697 0.585483 0.227124 0.0360777
4070 743060 0.584158 0.23518 0.024323
4080 742425 0.582269 0.239917 0.0281604
4090 741793 0.583929 0.242171 0.0252532
4100 741164 0.581372 0.247036 0.0304259
4110 740537 0.583458 0.249454 0.0321807
4120 739913 0.581974 0.256142 0.0316585
4130 739292 0.584194 0.270814 0.0113911
4140 738673 0.571937 0.264511 0.0344141
4150 738058 0.576792 0.266248 0.04189
4160 737445 0.574314 0.271187 0.0474135
4170 736835 0.576348 0.274677 0.0473378
4180 736228 0.575586 0.277668 0.0457943
4190 735624 0.576766 0.281421 0.0469748
4200 735023 0.576905 0.283695 0.0455562
4210 734425 0.575813 0.287749 0.0478949
4220 733830 0.572857 0.291782 0.0513194
4230 733238 0.57431 0.293235 0.0527725
4240 732649 0.577407 0.298996 0.0534544
4250 732063 0.574684 0.300461 0.0571125
4260 731480 0.573902 0.304965 0.0591304
4270 730900 0.574003 0.30946 0.0619067
4280 730323 0.574496 0.310688 0.0625836
4290 729749 0.571879 0.314184 0.0617667
4300 729177 0.574039 0.317942 0.0631198
4310 728609 0.570135 0.319048 0.066555
4320 728043 0.571821 0.325307 0.0717885
4330 727480 0.569662 0.328622 0.0711462
4340 726919 0.571369 0.330156 0.0690581
4350 726362 0.572505 0.333164 0.0708182
4360 725807 0.571695 0.335597 0.0713067
4370 725254 0.572753 0.33817 0.0711153
4380 724704 0.574324 0.341826 0.0770422
4390 724156 0.572316 0.344918 0.0774712
4400 723611 0.570957 0.349498 0.0861702
4410 723068 0.568482 0.349288 0.0864248
4420 722528 0.570005 0.354253 0.0882571
4430 721989 0.569537 0.356186 0.0894496
4440 721453 0.570689 0.35892 0.0892708
4450 720918 0.571748 0.361198 0.0905733
4460 720386 0.571202 0.364502 0.0909842
4470 719856 0.57127 0.364571 0.0910528
4480 719327 0.572105 0.369525 0.0934748
4490 718800 0.572028 0.373068 0.0914044
4500 718275 0.577903 0.373643 0.0907752
4510 717751 0.576269 0.37694 0.0934629
4520 717229 0.575285 0.380507 0.0969795
4530 716708 0.576821 0.382318 0.0951922
4540 716189 0.576971 0.385404 0.100808
4550 715671 0.573634 0.389128 0.0993038
4560 715154 0.577086 0.389975 0.101732
4570 714639 0.57784 0.390449 0.0999433
4580 714124 0.58078 0.393963 0.0999235
4590 713610 0.582806 0.397387 0.101379
4600 713098 0.582493 0.398733 0.101376
4610 712586 0.586117 0.397387 0.105
4620 712074 0.584413 0.403951 0.102351
4630 711564 0.587525 0.407897 0.0993732
4640 711054 0.589045 0.407835 0.100578
4650 710544 0.589929 0.408719 0.103966
4660 710035 0.590322 0.411513 0.107566
4670 709526 0.59129 0.415842 0.108527
4680 709018 0.594317 0.418037 0.10304
4690 708509 0.594721 0.41844 0.103444
4700 708001 0.596281 0.422588 0.111533
4710 707493 0.595572 0.423688 0.110334
4720 706985 0.597528 0.425644 0.112289
4730 706477 0.600424 0.428514 0.115211
4740 705969 0.604032 0.429572 0.11627
4750 705460 0.609283 0.431271 0.111997
4760 704951 0.61267 0.433291 0.114273
4770 704442 0.612542 0.433163 0.114145
4780 703933 0.616692 0.437984 0.113385
4790 703423 0.619829 0.439389 0.119749
4800 702913 0.621122 0.440644 0.121118
4810 702402 0.624395 0.442455 0.124391
4820 701890 0.627442 0.444289 0.126283
4830 701378 0.634481 0.4422 0.143516
4840 700866 0.63636 0.446552 0.146949
4850 700352 0.642434 0.449263 0.14966
4860 699838 0.6487 0.447803 0.151423
4870 699324 0.656585 0.448186 0.161479
4880 698808 0.661005 0.450269 0.164916
4890 698292 0.679119 0.448117 0.171789
4900 697775 0.683567 0.450863 0.175896
4910 697257 0.689067 0.451412 0.178963
4920 696738 0.729369 0.45107 0.168035
4930 696219 0.733453 0.451562 0.175544
4940 695698 0.755963 0.448701 0.199007
4950 695177 0.762867 0.445878 0.204682
4960 694655 0.800747 0.443147 0.218507
4970 694133 0.869131 0.429126 0.257764
4980 693609 0.975677 0.425067 0.275835
4990 693085 1.06759 0.384163 0.3085
5000 692560 1.14984 0.355118 0.35806
5010 692035 1.25881 0.280055 0.41751
5020 691509 1.30812 0.190077 0.467571
5030 690982 1.29896 0.0265927 0.318557
5040 690456 1.13089 -0.141473 0.150491
5050 689931 0.976262 -0.296136 -0.00417185
5060 689409 0.812257 -0.46888 -0.170361
5070 688891 0.855402 -0.638942 -0.264576
5080 688376 0.873476 -0.789934 -0.238626
5090 687863 0.906109 -0.91973 -0.245395
5100 687352 0.91822 -1.04809 -0.284807
5110 686842 0.956608 -1.10677 -0.284562
5120 686331 0.949627 -1.09099 -0.288855
5130 685820 0.954237 -1.08228 -0.292777
5140 685309 0.948949 -1.07689 -0.289231
5150 684798 0.943445 -1.07093 -0.283724
5160 684287 0.932747 -1.06614 -0.27283
5170 683777 0.933004 -1.05765 -0.274778
5180 683267 0.938522 -1.05018 -0.27743
5190 682757 0.934275 -1.04376 -0.27345
5200 682247 0.933463 -1.03615 -0.275177
5210 681739 0.936466 -1.0278 -0.275973
5220 681231 0.934923 -1.02045 -0.274713
5230 680724 0.935767 -1.01292 -0.276605
5240 680219 0.940271 -1.00544 -0.278072
5250 679714 0.941236 -0.998288 -0.278771
5260 679212 0.943015 -0.990147 -0.281213
5270 678710 0.942462 -0.982805 -0.278751
5280 678211 0.946161 -0.975558 -0.281867
5290 677714 0.946008 -0.964211 -0.280395
5300 677218 0.944878 -0.960271 -0.279679
5310 676725 0.943548 -0.953863 -0.278909
5320 676235 0.940019 -0.9463 -0.274994
5330 675747 0.94049 -0.934199 -0.275241
5340 675262 0.935528 -0.928094 -0.271741
5350 674781 0.933648 -0.923522 -0.270395
5360 674302 0.940459 -0.914452 -0.275697
5370 673828 0.938439 -0.903559 -0.274798
5380 673356 0.940476 -0.895292 -0.273483
5390 672889 0.940485 -0.888457 -0.273878
5400 672426 0.94391 -0.87797 -0.281189
5410 671968 0.946982 -0.872145 -0.27749
5420 671513 0.944937 -0.864388 -0.278018
5430 671064 0.94296 -0.855886 -0.276967
5440 670620 0.94747 -0.846434 -0.2768
5450 670181 0.935746 -0.837287 -0.272189
5460 669747 0.935454 -0.829593 -0.271484
5470 669319 0.935674 -0.820156 -0.271642
5480 668897 0.927979 -0.812956 -0.266843
5490 668480 0.929264 -0.805372 -0.266288
5500 668070 0.939861 -0.793509 -0.269339
5510 667667 0.930889 -0.790787 -0.267372
5520 667270 0.925524 -0.782021 -0.261583
5530 666880 0.929189 -0.77521 -0.266411
5540 666498 0.924223 -0.76452 -0.262414
5550 666122 0.922183 -0.754699 -0.261889
5560 665754 0.928863 -0.744291 -0.267609
5570 665393 0.93088 -0.737675 -0.270246
5580 665041 0.928699 -0.730279 -0.268372
5590 664696 0.933362 -0.721017 -0.27009
5600 664359 0.933232 -0.710403 -0.274266
5610 664031 0.933901 -0.702426 -0.269603
5620 663711 0.948961 -0.689221 -0.289691
5630 663400 0.924429 -0.720725 -0.292442
5640 663098 0.921273 -0.763609 -0.296604
5650 662804 0.937432 -0.748407 -0.338215
5660 662520 0.996398 -0.747587 -0.339877
5670 662245 0.997862 -0.788357 -0.337538
5680 661979 0.967959 -0.809967 -0.287496
5690 661722 1.01576 -0.7685 -0.321677
5700 661475 0.964588 -0.793241 -0.289487
5710 661237 0.968994 -0.758938 -0.2894
5720 661009 0.928716 -0.764854 -0.340471
5730 660791 0.905315 -0.803199 -0.322523
5740 660582 0.882139 -0.835488 -0.376699
5750 660382 0.858353 -0.849017 -0.362526
5760 660193 0.803115 -0.800105 -0.305414
5770 660013 0.751202 -0.794747 -0.314039
5780 659843 0.688432 -0.775117 -0.291601
5790 659683 0.670601 -0.766559 -0.255666
5800 659532 0.682619 -0.744891 -0.267469
5810 659392 0.672027 -0.780743 -0.3005
5820 659261 0.714623 -0.81407 -0.321842
5830 659140 0.683954 -0.817916 -0.357366
5840 659029 0.683148 -0.81514 -0.354405
5850 658927 0.681716 -0.804702 -0.388248
5860 658835 0.650574 -0.791869 -0.379781
5870 658752 0.62347 -0.733081 -0.388844
5880 658679 0.593916 -0.723017 -0.393759
5890 658616 0.659907 -0.685216 -0.459068
5900 658561 0.683203 -0.74525 -0.436029
5910 658516 0.64489 -0.760658 -0.376176
5920 658480 0.613149 -0.742662 -0.380039
5930 658454 0.590396 -0.770161 -0.413826
5940 658436 0.656884 -0.748665 -0.363372
5950 658427 0.669036 -0.689337 -0.308785
5960 658427 0.741324 -0.694074 -0.254843
5970 658436 0.791027 -0.698179 -0.229523
5980 658453 0.70636 -0.749614 -0.230781
5990 658478 0.715529 -0.730448 -0.21489
6000 658512 0.702629 -0.70601 -0.226016
6010 658554 0.703321 -0.698249 -0.227111
6020 658604 0.666723 -0.696642 -0.215018
6030 658662 0.671566 -0.726292 -0.206358
6040 658728 0.689673 -0.690851 -0.185546
6050 658801 0.689202 -0.684549 -0.196639
6060 658882 0.680081 -0.69337 -0.167598
6070 658970 0.739603 -0.718396 -0.165235
6080 659065 0.709088 -0.705683 -0.142029
6090 659168 0.75145 -0.66085 -0.153706
6100 659277 0.761645 -0.714546 -0.130537
6110 659393 0.766902 -0.739686 -0.138385
6120 659516 0.799962 -0.701854 -0.180403
6130 659646 0.798446 -0.707122 -0.210677
6140 659782 0.824295 -0.646115 -0.237251
6150 659924 0.790329 -0.646278 -0.164332
6160 660072 0.813269 -0.600436 -0.186135
6170 660227 0.801211 -0.572932 -0.160262
6180 660388 0.806947 -0.528786 -0.200375
6190 660554 0.856831 -0.526802 -0.232655
6200 660727 0.861037 -0.584661 -0.284616
6210 660904 0.832727 -0.57277 -0.306314
6220 661087 0.834914 -0.566389 -0.30883
6230 661276 0.850977 -0.546921 -0.360776
6240 661470 0.778247 -0.538073 -0.353761
6250 661669 0.806812 -0.491278 -0.366473
6260 661874 0.747732 -0.44987 -0.341914
6270 662083 0.774362 -0.478643 -0.359306
6280 662298 0.790959 -0.50226 -0.380593
6290 662517 0.777919 -0.485652 -0.360944
6300 662741 0.775847 -0.474603 -0.298982
6310 662969 0.802564 -0.466275 -0.26771
6320 663203 0.776646 -0.4706 -0.292874
6330 663441 0.732904 -0.429619 -0.293083
6340 663683 0.724386 -0.375359 -0.349676
6350 663931 0.728197 -0.380036 -0.320304
6360 664182 0.768426 -0.377485 -0.332222
6370 664438 0.739505 -0.357169 -0.342162
6380 664699 0.678292 -0.315924 -0.365846
6390 664964 0.718167 -0.316641 -0.359652
6400 665233 0.750336 -0.323569 -0.37029
6410 665506 0.752385 -0.328344 -0.361046
6420 665784 0.742616 -0.263849 -0.337284
6430 666066 0.768372 -0.227901 -0.343188
6440 666353 0.765154 -0.180592 -0.327042
6450 666644 0.793974 -0.167404 -0.299237
6460 666940 0.796421 -0.167244 -0.244638
6470 667239 0.793432 -0.19405 -0.223358
6480 667543 0.794544 -0.211756 -0.221382
6490 667850 0.781581 -0.206513 -0.259313
6500 668162 0.766737 -0.173977 -0.200239
6510 668478 0.752494 -0.185728 -0.20012
6520 668799 0.731112 -0.113289 -0.15393
6530 669124 0.753507 -0.158383 -0.195721
6540 669453 0.740629 -0.163381 -0.220583
6550 669786 0.729701 -0.144818 -0.182036
6560 670124 0.758633 -0.126459 -0.122675
6570 670466 0.724988 -0.120555 -0.120469
6580 670812 0.709237 -0.141809 -0.105486
6590 671163 0.739131 -0.212152 -0.101441
6600 671518 0.761736 -0.173991 -0.0586498
6610 671877 0.727399 -0.15433 -0.0461318
6620 672242 0.707253 -0.114585 -0.101259
6630 672611 0.735367 -0.163559 -0.13139
6640 672985 0.65782 -0.188783 -0.180053
6650 673363 0.618041 -0.182319 -0.195192
6660 673746 0.61376 -0.156841 -0.183664
6670 674135 0.608175 -0.131633 -0.166238
6680 674529 0.633303 -0.106983 -0.208015
6690 674928 0.581171 -0.0527818 -0.178509
6700 675332 0.577591 -0.0381407 -0.174951
6710 675742 0.604189 -0.0768912 -0.174925
6720 676157 0.573653 -0.0795539 -0.151336
6730 676577 0.577503 -0.0549899 -0.169721
6740 677003 0.610778 -0.0481942 -0.181844
6750 677435 0.601914 -0.0487225 -0.179992
6760 677872 0.591066 -0.0298014 -0.171461
6770 678315 0.565371 -0.0165186 -0.21099
6780 678764 0.542198 0.00260415 -0.243467
6790 679219 0.549847 0.0376391 -0.258514
6800 679680 0.541359 0.0962112 -0.264993
6810 680148 0.521988 0.0531142 -0.293093
6820 680621 0.561353 0.0334599 -0.202667
6830 681101 0.567383 0.0115303 -0.191685
6840 681587 0.577133 0.0109452 -0.195173
6850 682080 0.490843 0.020782 -0.216554
6860 682580 0.566119 0.0901538 -0.155926
6870 683086 0.640334 0.0703006 -0.0835278
6880 683599 0.644931 0.0755121 -0.0824142
6890 684120 0.637691 0.0794858 -0.0775365
6900 684647 0.635036 0.0825925 -0.0752351
6910 685181 0.633886 0.0866023 -0.0725405
6920 685722 0.631232 0.0929066 -0.0734145
6930 686270 0.632159 0.0962335 -0.0725526
6940 686826 0.626837 0.101787 -0.063737
6950 687389 0.626281 0.107171 -0.0657782
6960 687959 0.626294 0.110269 -0.0669437
6970 688537 0.624639 0.113644 -0.0658218
6980 689123 0.632713 0.119312 -0.0744515
6990 689716 0.630854 0.122763 -0.0733797
7000 690317 0.63113 0.130179 -0.0701166
7010 690925 0.62618 0.133922 -0.0726454
7020 691541 0.630173 0.137915 -0.0780144
7030 692165 0.630584 0.145533 -0.0787284
7040 692797 0.62913 0.150219 -0.077474
7050 693437 0.62418 0.154965 -0.0699879
7060 694085 0.623623 0.158666 -0.0698946
7070 694740 0.624487 0.163577 -0.0716416
7080 695404 0.623129 0.167775 -0.0692952
7090 696076 0.618527 0.171691 -0.0656178
7100 696755 0.620795 0.176694 -0.0678976
7110 697443 0.618398 0.182315 -0.0645422
7120 698138 0.619793 0.186706 -0.0666387
7130 698841 0.623912 0.194787 -0.0731725
7140 699553 0.626009 0.198247 -0.0747791
7150 700272 0.620012 0.200518 -0.0699358
7160 700999 0.6205 0.204788 -0.0763182
7170 701734 0.621339 0.212631 -0.0754795
7180 702476 0.619615 0.216823 -0.0701046
7190 703226 0.615317 0.220849 -0.066098
7200 703984 0.614215 0.225836 -0.0653117
7210 704750 0.597611 0.22971 -0.0332234
7220 705522 0.591934 0.234717 -0.0266414
7230 706302 0.590871 0.239486 -0.0256395
7240 707090 0.592886 0.244182 -0.0263736
7250 707884 0.588496 0.248155 -0.0224003
7260 708685 0.582757 0.253641 -0.0193496
7270 709494 0.584408 0.258033 -0.0176982
7280 710309 0.584284 0.264092 -0.0183224
7290 711130 0.584766 0.268138 -0.0196223
7300 711958 0.58597 0.272531 -0.0217965
7310 712792 0.587501 0.277273 -0.0252911
7320 713632 0.590234 0.282334 -0.0248858
7330 714478 0.585146 0.286408 -0.0251248
7340 715330 0.585969 0.292255 -0.0231219
7350 716187 0.583631 0.296304 -0.026166
7360 717049 0.584389 0.300717 -0.0239323
7370 717917 0.584757 0.303847 -0.0207799
7380 718789 0.583758 0.309896 -0.023418
7390 719666 0.582318 0.314871 -0.0223296
7400 720547 0.583322 0.319726 -0.0212774
7410 721432 0.578623 0.323699 -0.0180239
7420 722322 0.579591 0.330405 -0.0234799
7430 723214 0.577325 0.328139 -0.0261158
7440 724110 0.582974 0.338195 -0.0229963
7450 725009 0.576483 0.344194 -0.0182291
7460 725911 0.576472 0.346594 -0.0173079
7470 726816 0.574686 0.351751 -0.0139173
7480 727722 0.573014 0.355998 -0.0120698
7490 728631 0.572128 0.360084 -0.00972827
7500 729541 0.571027 0.362883 -0.0111613
7510 730452 0.572149 0.367639 -0.0141399
7520 731364 0.56829 0.37333 -0.00872953
7530 732278 0.568434 0.376233 -0.00485372
7540 733191 0.569562 0.380616 -0.00372648
7550 734105 0.566213 0.383616 -0.0150138
7560 735018 0.553085 0.388501 0.00209513
7570 735932 0.559786 0.393224 0.00420352
7580 736844 0.557078 0.398003 0.00960137
7590 737755 0.554666 0.402483 0.00678154
7600 738665 0.556534 0.405055 0.00888426
7610 739573 0.553503 0.409581 0.00993619
7620 740479 0.548732 0.413834 0.00933527
7630 741383 0.548007 0.417329 0.00832908
7640 742284 0.548021 0.419582 0.00677432
7650 743182 0.55239 0.425916 0.0101652
7660 744077 0.550014 0.430268 0.00523508
7670 744969 0.543444 0.432022 -0.00133522
7680 745857 0.539614 0.435316 0.000825563
7690 746741 0.537676 0.439645 0.000141127
7700 747621 0.535231 0.437251 -0.0131753
7710 748496 0.537681 0.442461 -0.0174558
7720 749367 0.530277 0.449126 -0.025641
7730 750232 0.529192 0.451409 -0.0231866
7740 751092 0.53203 0.454736 -0.0203484
7750 751947 0.523612 0.460003 -0.0294592
7760 752796 0.512236 0.459299 -0.0370865
7770 753639 0.513787 0.463589 -0.0371243
7780 754476 0.492727 0.465994 -0.0398905
7790 755306 0.493795 0.467528 -0.0386674
7800 756130 0.487091 0.470021 -0.0441389
7810 756947 0.473024 0.470944 -0.0546931
7820 757757 0.431765 0.473208 -0.0978625
7830 758560 0.407538 0.473228 -0.10785
7840 759356 0.391169 0.469378 -0.118524
7850 760145 0.374297 0.468361 -0.131626
7860 760925 0.301993 0.474684 -0.141067
7870 761698 0.183227 0.433668 -0.235906
7880 762464 0.0280066 0.343562 -0.392145
7890 763221 -0.143504 0.172051 -0.563656
7900 763971 -0.302139 0.0276309 -0.576838
7910 764712 -0.409621 -0.0995029 -0.476044
7920 765446 -0.437783 -0.233552 -0.366118
7930 766173 -0.376646 -0.297429 -0.221962
7940 766893 -0.252984 -0.420218 -0.10898
7950 767606 -0.171927 -0.498506 0.00786935
7960 768314 -0.155555 -0.605816 0.122884
7970 769016 -0.101415 -0.698102 0.24649
7980 769712 -0.0676973 -0.781117 0.357706
7990 770402 -0.076043 -0.898176 0.467645
8000 771083 -0.0878172 -1.00408 0.501389
8010 771756 -0.0638924 -1.04095 0.496903
8020 772420 -0.0679395 -1.03378 0.503663
8030 773074 -0.0703727 -1.02616 0.50515
8040 773720 -0.0637632 -1.01902 0.498011
8050 774356 -0.0606454 -1.0098 0.497469
8060 774982 -0.0602925 -1.00137 0.49509
8070 775599 -0.05299 -0.995102 0.488757
8080 776207 -0.0532051 -0.987819 0.490074
8090 776806 -0.0461751 -0.981759 0.478931
8100 777395 -0.0420945 -0.976722 0.483012
8110 777976 -0.0293203 -0.965466 0.471493
8120 778547 -0.0329382 -0.959307 0.470315
8130 779109 -0.0301723 -0.9529 0.467363
8140 779661 -0.0277395 -0.945266 0.465209
8150 780205 -0.0317365 -0.936425 0.467642
8160 780740 -0.0361177 -0.9241 0.46521
8170 781266 -0.0337819 -0.918584 0.469824
8180 781782 -0.0278525 -0.909517 0.46492
8190 782291 -0.0288916 -0.903971 0.464407
8200 782790 -0.0312134 -0.895766 0.464954
8210 783281 -0.029849 -0.890429 0.463245
8220 783763 -0.0286082 -0.881469 0.462076
8230 784236 -0.0290548 -0.864405 0.461276
8240 784701 -0.0288227 -0.867488 0.461094
8250 785158 -0.0244603 -0.859031 0.459027
8260 785606 -0.0274998 -0.848759 0.459484
8270 786047 -0.0237531 -0.843948 0.457311
8280 786479 -0.0206652 -0.83579 0.455997
8290 786903 -0.0208361 -0.831465 0.455654
8300 787319 -0.0218939 -0.823606 0.455638
8310 787727 -0.0178907 -0.815406 0.453859
8320 788128 -0.0172312 -0.810753 0.451976
8330 788521 -0.0134301 -0.8041 0.451694
8340 788906 -0.0155921 -0.796646 0.45135
8350 789283 -0.00307367 -0.791924 0.444528
8360 789654 0.000951803 -0.786184 0.440809
8370 790016 0.000361006 -0.776013 0.440594
8380 790372 0.00160118 -0.771947 0.43822
8390 790720 0.0028277 -0.767164 0.437024
8400 791062 0.00709145 -0.759894 0.435368
8410 791396 0.00630278 -0.753945 0.435203
8420 791723 0.0109442 -0.745668 0.436208
8430 792044 0.00825374 -0.740373 0.433619
8440 792357 0.0104817 -0.736821 0.434249
8450 792664 0.0131106 -0.727122 0.432378
8460 792964 0.0130187 -0.719252 0.429929
8470 793258 0.00983677 -0.713616 0.435511
8480 793545 0.0108746 -0.705136 0.43427
8490 793826 0.00920224 -0.699481 0.435039
8500 794100 0.00901042 -0.694014 0.434462
8510 794368 0.0180133 -0.688558 0.428298
8520 794630 0.0174149 -0.685816 0.430594
8530 794885 0.0208213 -0.674492 0.425971
8540 795134 0.0249588 -0.670464 0.426565
8550 795377 0.0294131 -0.666615 0.421624
8560 795614 0.0335848 -0.659904 0.41907
8570 795845 0.0334832 -0.653304 0.42024
8580 796070 0.0352677 -0.646768 0.418856
8590 796289 0.035211 -0.639426 0.419317
8600 796502 0.0428873 -0.634345 0.415231
8610 796709 0.040627 -0.634237 0.417194
8620 796910 0.0494123 -0.622911 0.413996
8630 797105 0.0314068 -0.688402 0.347535
8640 797295 0.000289683 -0.718462 0.308953
8650 797479 -0.0386193 -0.710451 0.345325
8660 797657 -0.0594911 -0.688635 0.363674
8670 797829 -0.112483 -0.656574 0.341346
8680 797996 -0.133173 -0.712848 0.343995
8690 798156 -0.133118 -0.745452 0.434358
8700 798311 -0.090779 -0.795134 0.392957
8710 798460 -0.1073 -0.791592 0.440975
8720 798604 -0.117517 -0.785075 0.477495
8730 798741 -0.0900053 -0.848383 0.445512
8740 798872 -0.0578567 -0.88366 0.390121
8750 798998 -0.0211401 -0.879731 0.474007
8760 799117 -0.0312892 -0.901435 0.47443
8770 799231 -0.0431227 -0.885652 0.487389
8780 799338 -0.00168153 -0.87772 0.522968
8790 799439 -0.012488 -0.938549 0.52732
8800 799534 0.0113764 -0.942193 0.486385
8810 799623 0.00556475 -0.93111 0.42272
8820 799706 0.0631025 -0.975489 0.441163
8830 799782 0.0649956 -1.04351 0.516097
8840 799852 0.0529403 -1.08348 0.57285
8850 799915 0.0548984 -1.03104 0.571918
8860 799972 0.07184 -1.00079 0.606864
8870 800022 0.0822504 -1.03697 0.586746
8880 800065 0.0666526 -1.07745 0.660813
8890 800102 0.0497128 -1.10614 0.64354
8900 800132 0.0350879 -1.05713 0.602687
8910 800154 0.000728676 -1.0828 0.573407
8920 800170 0.0286989 -1.1156 0.544376
8930 800178 -0.00840873 -1.11519 0.609781
8940 800179 0.00933188 -1.0946 0.622412
8950 800173 0.0056674 -1.07233 0.618756
8960 800159 -0.0446001 -1.05405 0.625357
8970 800137 -0.0318645 -1.07176 0.595808
8980 800108 -0.0779116 -1.06889 0.639526
8990 800071 -0.061914 -1.03131 0.641368
9000 800026 -0.0677987 -1.01344 0.665758
9010 799973 -0.0328284 -1.05463 0.666843
9020 799912 0.0064383 -1.01779 0.69881
9030 799842 -0.0123798 -1.01813 0.699334
9040 799764 0.0376777 -0.993616 0.704321
9050 799678 -0.00951648 -0.976267 0.690325
9060 799583 -0.0191083 -1.04518 0.672994
9070 799479 -0.0555465 -1.02887 0.660928
9080 799366 -0.059177 -1.06482 0.650711
9090 799245 -0.0901487 -1.0707 0.706339
9100 799114 -0.09603 -1.03442 0.715398
9110 798974 -0.130085 -0.985206 0.71204
9120 798825 -0.102332 -0.953822 0.690338
9130 798666 -0.0779209 -0.961343 0.636539
9140 798498 -0.0516604 -1.02372 0.684003
9150 798320 -0.0525547 -1.02363 0.715037
9160 798132 -0.0101083 -1.00216 0.696216
9170 797935 -0.0555619 -0.977805 0.725009
9180 797728 -0.0737891 -1.01007 0.739766
9190 797510 -0.0794479 -1.01932 0.721407
9200 797283 -0.114336 -1.03209 0.759854
9210 797045 -0.164871 -1.02436 0.788939
9220 796797 -0.193212 -1.01508 0.80589
9230 796539 -0.182664 -1.01206 0.791926
9240 796270 -0.209644 -1.02217 0.733723
9250 795991 -0.180355 -1.03066 0.718072
9260 795701 -0.153518 -0.986063 0.669266
9270 795401 -0.0661119 -0.958821 0.686784
9280 795091 -0.0420119 -0.963892 0.709622
9290 794769 -0.068419 -0.971425 0.710941
9300 794438 -0.0673772 -1.02974 0.684375
9310 794095 -0.038673 -1.05212 0.65763
9320 793742 -0.0249676 -1.0821 0.614829
9330 793378 -0.0162456 -1.06169 0.586987
9340 793003 -0.0443085 -1.05314 0.616901
9350 792618 -0.0910868 -1.0173 0.62553
9360 792222 -0.114502 -1.04045 0.609993
9370 791816 -0.112154 -1.04375 0.627485
9380 791399 -0.118291 -1.08214 0.668933
9390 790972 -0.142468 -1.07529 0.721957
9400 790534 -0.173937 -1.05629 0.720998
9410 790087 -0.216632 -1.00844 0.669659
9420 789629 -0.2215 -1.02427 0.688346
9430 789161 -0.236186 -1.04079 0.656507
9440 788682 -0.202325 -1.09636 0.67772
9450 788194 -0.171809 -1.08014 0.649
9460 787696 -0.17199 -1.11851 0.686089
9470 787189 -0.187463 -1.07207 0.676843
9480 786672 -0.167425 -1.08544 0.719013
9490 786146 -0.156822 -1.17416 0.690416
9500 785611 -0.167707 -1.19136 0.639393
9510 785067 -0.141455 -1.20547 0.623094
9520 784514 -0.126285 -1.18181 0.607854
9530 783952 -0.170064 -1.18633 0.628352
9540 783383 -0.186507 -1.20016 0.645336
9550 782805 -0.185292 -1.1708 0.660917
9560 782219 -0.0725789 -1.15983 0.645488
9570 781626 -0.0554497 -1.16626 0.649008
9580 781025 -0.111354 -1.13789 0.658281
9590 780417 -0.11236 -1.07389 0.70584
9600 779802 -0.118615 -1.0866 0.686587
9610 779180 -0.112682 -1.07589 0.72034
9620 778552 -0.12298 -1.03486 0.773566
9630 777918 -0.156094 -1.07844 0.692281
9640 777278 -0.132054 -1.05931 0.696943
9650 776632 -0.153503 -1.09998 0.675773
9660 775981 -0.223228 -1.11817 0.705343
9670 775325 -0.2912 -1.08997 0.774432
9680 774664 -0.301041 -1.05205 0.801284
9690 773999 -0.30032 -1.00076 0.758942
9700 773329 -0.31228 -0.964613 0.778975
9710 772655 -0.289996 -1.00562 0.805463
9720 771978 -0.285033 -0.979699 0.768978
9730 771297 -0.343413 -0.935239 0.703434
9740 770613 -0.35121 -0.934617 0.69522
9750 769927 -0.512005 -1.09193 0.541095
9760 769238 -0.685367 -1.26446 0.367733
9770 768548 -0.734802 -1.37548 0.47858
9780 767857 -0.634889 -1.47607 0.551799
9790 767164 -0.537467 -1.5838 0.677518
9800 766470 -0.446222 -1.6473 0.783784
9810 765775 -0.359791 -1.74678 0.860311
9820 765080 -0.262983 -1.85544 0.965717
9830 764384 -0.158864 -1.92323 1.01165
9840 763688 -0.0974974 -2.01096 1.04458
9850 762992 -0.106542 -1.98409 1.04589
9860 762295 -0.112519 -1.97719 1.04003
9870 761600 -0.117666 -1.97201 1.03948
9880 760905 -0.125982 -1.96073 1.03754
9890 760212 -0.130617 -1.95398 1.03664
9900 759519 -0.138316 -1.94739 1.03427
9910 758828 -0.142996 -1.93881 1.03181
9920 758139 -0.14875 -1.9308 1.03034
9930 757451 -0.151438 -1.92571 1.01955
9940 756765 -0.155763 -1.91623 1.0198
9950 756082 -0.163074 -1.90813 1.0227
9960 755401 -0.175549 -1.90294 1.02883
9970 754722 -0.181824 -1.89484 1.02989
9980 754046 -0.188629 -1.88842 1.03147
9990 753373 -0.197484 -1.87839 1.02637
10000 752703 -0.200421 -1.87266 1.02386
10010 752037 -0.209523 -1.86291 1.0248
10020 751373 -0.211791 -1.85888 1.0359
10030 750713 -0.223742 -1.85019 1.0263
10040 750056 -0.224908 -1.84178 1.02331
10050 749403 -0.231499 -1.8344 1.02046
10060 748753 -0.239978 -1.82542 1.02094
10070 748107 -0.246991 -1.81788 1.0239
10080 747465 -0.250099 -1.80744 1.01495
10090 746827 -0.25015 -1.7984 1.01146
10100 746193 -0.257686 -1.79163 1.0122
10110 745563 -0.259421 -1.78093 0.999957
10120 744937 -0.265084 -1.7719 1.00174
10130 744315 -0.272842 -1.7643 1.00813
10140 743698 -0.278075 -1.75864 1.0009
10150 743084 -0.28278 -1.75052 1.00227
10160 742475 -0.304558 -1.73472 1.01349
10170 741871 -0.303914 -1.73464 1.01125
10180 741270 -0.31475 -1.72329 1.01076
10190 740674 -0.315646 -1.71807 1.00987
10200 740082 -0.324605 -1.7089 1.0081
10210 739494 -0.328424 -1.70001 1.0085
10220 738911 -0.327511 -1.68973 1
10230 738332 -0.337567 -1.67973 1.00064
10240 737757 -0.342123 -1.67277 0.996672
10250 737187 -0.356127 -1.66539 1.01187
10260 736620 -0.365312 -1.66127 1.01128
10270 736058 -0.361068 -1.64729 1.00235
10280 735500 -0.355708 -1.63822 0.986868
10290 734947 -0.360961 -1.63196 0.986548
10300 734397 -0.372551 -1.61784 0.992639
10310 733851 -0.383904 -1.61389 0.994159
10320 733309 -0.384889 -1.60405 0.988647
10330 732772 -0.384576 -1.59701 0.985944
10340 732238 -0.385514 -1.58271 0.977968
10350 731708 -0.379061 -1.58007 0.969154
10360 731181 -0.374428 -1.56928 0.954175
10370 730659 -0.376262 -1.55994 0.9518
10380 730140 -0.377255 -1.55555 0.950023
10390 729624 -0.378651 -1.5456 0.943037
10400 729112 -0.379795 -1.53518 0.937521
10410 728604 -0.38137 -1.52713 0.934426
10420 728099 -0.382324 -1.51843 0.93107
10430 727597 -0.387914 -1.50862 0.930468
10440 727098 -0.388864 -1.50486 0.928308
10450 726602 -0.395668 -1.4898 0.924312
10460 726110 -0.397371 -1.48485 0.926416
10470 725620 -0.401234 -1.4747 0.922553
10480 725133 -0.39621 -1.46968 0.913516
10490 724649 -0.394595 -1.46377 0.910305
10500 724168 -0.393078 -1.45978 0.906062
10510 723689 -0.400906 -1.4447 0.90273
10520 723213 -0.404771 -1.44098 0.902657
10530 722739 -0.410003 -1.42581 0.893847
10540 722267 -0.411441 -1.4237 0.896326
10550 721798 -0.415464 -1.41099 0.898197
10560 721331 -0.414501 -1.40515 0.894693
10570 720866 -0.418183 -1.39946 0.894705
10580 720403 -0.418079 -1.39286 0.89047
10590 719942 -0.421102 -1.38231 0.887447
10600 719482 -0.421745 -1.37282 0.884961
10610 719024 -0.421381 -1.3667 0.87979
10620 718568 -0.422559 -1.3598 0.878763
10630 718114 -0.420797 -1.35418 0.874381
10640 717661 -0.425399 -1.34737 0.874093
10650 717209 -0.432624 -1.33684 0.876085
10660 716758 -0.42926 -1.33104 0.870922
10670 716309 -0.432866 -1.32159 0.869724
10680 715861 -0.434356 -1.31409 0.867232
10690 715414 -0.430817 -1.30482 0.860627
10700 714967 -0.424724 -1.30176 0.85267
10710 714522 -0.42385 -1.30046 0.852902
10720 714077 -0.42892 -1.28465 0.848807
10730 713634 -0.428014 -1.27913 0.85217
10740 713190 -0.41019 -1.28091 0.831047
10750 712747 -0.398782 -1.27343 0.817126
10760 712305 -0.391193 -1.26841 0.809008
10770 711863 -0.392699 -1.26238 0.808209
10780 711422 -0.39034 -1.25884 0.804744
10790 710981 -0.391174 -1.24829 0.802938
10800 710540 -0.394361 -1.2427 0.802157
10810 710099 -0.390047 -1.23504 0.796049
10820 709658 -0.386443 -1.22903 0.790576
10830 709217 -0.388371 -1.22157 0.788911
10840 708776 -0.388635 -1.2138 0.787232
10850 708335 -0.392419 -1.20636 0.785019
10860 707894 -0.390726 -1.20373 0.786399
10870 707453 -0.390728 -1.19271 0.781179
10880 707011 -0.388238 -1.18753 0.779969
10890 706570 -0.38555 -1.1791 0.780276
10900 706127 -0.396266 -1.16731 0.781218
10910 705685 -0.398461 -1.16139 0.776947
10920 705242 -0.398392 -1.15114 0.773799
10930 704799 -0.395733 -1.14691 0.770465
10940 704355 -0.391592 -1.14372 0.764932
10950 703911 -0.401331 -1.12995 0.768986
10960 703466 -0.403893 -1.12305 0.76808
10970 703021 -0.404203 -1.11537 0.766174
10980 702575 -0.417367 -1.09957 0.775372
10990 702129 -0.41468 -1.09905 0.769676
11000 701682 -0.412724 -1.08899 0.765173
11010 701235 -0.412361 -1.08273 0.763207
11020 700787 -0.411024 -1.0752 0.75877
11030 700339 -0.406424 -1.068 0.756074
11040 699890 -0.396536 -1.06364 0.749096
11050 699441 -0.398799 -1.05679 0.746835
11060 698991 -0.395575 -1.05033 0.740884
11070 698541 -0.397139 -1.04126 0.741584
11080 698090 -0.394974 -1.03403 0.738201
11090 697639 -0.397024 -1.02808 0.736954
11100 697187 -0.394195 -1.02035 0.734497
11110 696735 -0.391672 -1.01461 0.733187
11120 696283 -0.393216 -1.00312 0.725388
11130 695831 -0.391625 -0.995182 0.723747
11140 695379 -0.390183 -0.989442 0.72519
11150 694926 -0.39203 -0.981406 0.723926
11160 694474 -0.389773 -0.973888 0.721658
11170 694021 -0.381603 -0.968421 0.714381
11180 693569 -0.379475 -0.960377 0.709728
11190 693117 -0.379437 -0.953666 0.709536
11200 692665 -0.378751 -0.945579 0.708337
11210 692214 -0.382771 -0.934041 0.709787
11220 691763 -0.382278 -0.931058 0.705636
11230 691313 -0.383878 -0.916387 0.706673
11240 690863 -0.377546 -0.912922 0.706109
11250 690415 -0.382363 -0.909468 0.699773
11260 689967 -0.371849 -0.897634 0.691634
11270 689520 -0.365187 -0.891453 0.688646
11280 689075 -0.358337 -0.886241 0.685548
11290 688631 -0.356754 -0.87752 0.680327
11300 688188 -0.353639 -0.870957 0.681656
11310 687747 -0.359188 -0.861365 0.682565
11320 687308 -0.356914 -0.850559 0.679463
11330 686871 -0.351533 -0.843119 0.675408
11340 686436 -0.343496 -0.833897 0.670099
11350 686003 -0.344156 -0.834066 0.667962
11360 685572 -0.338468 -0.826134 0.667028
11370 685145 -0.332731 -0.823934 0.661323
11380 684719 -0.328834 -0.812526 0.657625
11390 684297 -0.326483 -0.804196 0.653929
11400 683878 -0.323991 -0.793216 0.653284
11410 683463 -0.324965 -0.784154 0.652513
11420 683051 -0.325404 -0.770144 0.65151
11430 682642 -0.324141 -0.767585 0.652773
11440 682238 -0.323073 -0.758448 0.649368
11450 681837 -0.320469 -0.751946 0.648973
11460 681441 -0.311517 -0.739649 0.643542
11470 681050 -0.309978 -0.736657 0.639459
11480 680663 -0.30866 -0.727937 0.64106
11490 680281 -0.305963 -0.717092 0.635759
11500 679904 -0.301014 -0.710311 0.632968
11510 679532 -0.30078 -0.699522 0.632639
11520 679166 -0.296564 -0.689916 0.635096
11530 678806 -0.292249 -0.685754 0.625946
11540 678451 -0.28746 -0.672681 0.623713
11550 678103 -0.297285 -0.663986 0.627943
11560 677761 -0.29313 -0.654732 0.626395
11570 677425 -0.294044 -0.647247 0.627688
11580 677096 -0.296597 -0.635998 0.629764
11590 676774 -0.306155 -0.616607 0.632369
11600 676460 -0.299482 -0.611314 0.632729
11610 676152 -0.298818 -0.602094 0.629482
11620 675852 -0.292735 -0.594505 0.629124
11630 675559 -0.291461 -0.584138 0.624413
11640 675274 -0.299269 -0.568284 0.631004
11650 674997 -0.297919 -0.559908 0.633292
11660 674728 -0.301029 -0.547244 0.63578
11670 674468 -0.299815 -0.535706 0.632933
11680 674216 -0.298464 -0.517969 0.634284
11690 673972 -0.302215 -0.517706 0.634783
11700 673737 -0.292901 -0.506657 0.631873
11710 673511 -0.288052 -0.500959 0.628946
11720 673294 -0.287124 -0.496027 0.628164
11730 673085 -0.28415 -0.483588 0.631319
11740 672886 -0.286129 -0.455278 0.580887
11750 672696 -0.258725 -0.483183 0.5564
11760 672516 -0.24909 -0.499035 0.529242
11770 672345 -0.236347 -0.565595 0.484472
11780 672183 -0.230807 -0.519526 0.397109
11790 672031 -0.156978 -0.472035 0.403245
11800 671888 -0.11225 -0.434561 0.405791
11810 671755 -0.133353 -0.455446 0.360886
11820 671632 -0.0846095 -0.51803 0.339549
11830 671518 -0.0532503 -0.498946 0.357656
11840 671414 -0.0436623 -0.527721 0.331544
11850 671320 -0.0372746 -0.549883 0.38566
11860 671235 -0.0864047 -0.583668 0.439979
11870 671160 -0.103739 -0.578933 0.422458
11880 671095 -0.141395 -0.597894 0.397051
11890 671039 -0.121749 -0.555897 0.402501
11900 670993 -0.162818 -0.576381 0.397942
11910 670957 -0.199589 -0.51937 0.428705
11920 670930 -0.197209 -0.507309 0.478123
11930 670913 -0.145355 -0.485884 0.532859
11940 670905 -0.139573 -0.46428 0.519959
11950 670906 -0.159504 -0.482878 0.519161
11960 670916 -0.182123 -0.489857 0.47225
11970 670936 -0.194622 -0.476938 0.502013
11980 670964 -0.182167 -0.456469 0.456447
11990 671002 -0.144918 -0.435606 0.426539
12000 671048 -0.192785 -0.438286 0.40751
12010 671103 -0.187245 -0.426016 0.350701
12020 671167 -0.187676 -0.367239 0.323425
12030 671239 -0.256334 -0.35543 0.32084
12040 671320 -0.253703 -0.431342 0.294538
12050 671408 -0.299957 -0.452632 0.336024
12060 671505 -0.279251 -0.45178 0.355582
12070 671610 -0.31313 -0.463415 0.370889
12080 671722 -0.354606 -0.492902 0.381049
12090 671842 -0.322558 -0.46416 0.358328
12100 671970 -0.34594 -0.495066 0.352407
12110 672105 -0.295722 -0.536036 0.354125
12120 672247 -0.301021 -0.503054 0.368664
12130 672397 -0.285648 -0.50854 0.393299
12140 672553 -0.350973 -0.537332 0.393244
12150 672716 -0.356968 -0.53411 0.424064
12160 672886 -0.364813 -0.563298 0.414728
12170 673062 -0.373039 -0.515823 0.381678
12180 673245 -0.329704 -0.516078 0.369737
12190 673433 -0.329496 -0.493492 0.413941
12200 673629 -0.296623 -0.556204 0.403035
12210 673829 -0.333275 -0.575761 0.387208
12220 674036 -0.358423 -0.603377 0.414579
12230 674248 -0.358692 -0.613817 0.458977
12240 674466 -0.427481 -0.608156 0.487106
12250 674689 -0.422907 -0.621005 0.493535
12260 674917 -0.381884 -0.625428 0.513795
12270 675151 -0.394839 -0.691575 0.523627
12280 675390 -0.358361 -0.697904 0.532587
12290 675633 -0.412726 -0.745389 0.54656
12300 675881 -0.37545 -0.740667 0.582809
12310 676134 -0.400531 -0.729952 0.533476
12320 676392 -0.412913 -0.702557 0.564054
12330 676654 -0.425738 -0.744512 0.55509
12340 676920 -0.417465 -0.775769 0.534009
12350 677190 -0.422143 -0.780028 0.551249
12360 677465 -0.452787 -0.767253 0.53562
12370 677744 -0.404531 -0.756818 0.476908
12380 678027 -0.457723 -0.739285 0.493519
12390 678314 -0.410584 -0.742823 0.522898
12400 678605 -0.450045 -0.771605 0.518306
12410 678900 -0.449047 -0.771702 0.530225
12420 679199 -0.43095 -0.786865 0.529329
12430 679501 -0.414497 -0.81431 0.521815
12440 679807 -0.423044 -0.834 0.494343
12450 680117 -0.463089 -0.815712 0.449228
12460 680430 -0.490236 -0.81645 0.453994
12470 680747 -0.487161 -0.82156 0.488157
12480 681068 -0.479304 -0.775388 0.480619
12490 681392 -0.508484 -0.803834 0.536566
12500 681720 -0.495984 -0.75782 0.507404
12510 682051 -0.49032 -0.705877 0.518227
12520 682386 -0.484208 -0.686986 0.517157
12530 682725 -0.468256 -0.629055 0.484627
12540 683068 -0.459258 -0.605973 0.460307
12550 683414 -0.460818 -0.60397 0.475939
12560 683764 -0.459807 -0.608658 0.500193
12570 684118 -0.420267 -0.601109 0.591004
12580 684475 -0.400896 -0.61904 0.55211
12590 684836 -0.440525 -0.606094 0.554792
12600 685200 -0.410177 -0.613205 0.514679
12610 685569 -0.429105 -0.645261 0.456449
12620 685940 -0.446355 -0.624985 0.408504
12630 686316 -0.430048 -0.592718 0.379566
12640 686696 -0.446956 -0.560254 0.376605
12650 687079 -0.481868 -0.586039 0.441527
12660 687466 -0.516307 -0.600312 0.482029
12670 687857 -0.524325 -0.621685 0.503341
12680 688252 -0.553407 -0.669132 0.434867
12690 688651 -0.518532 -0.688085 0.467223
12700 689053 -0.535046 -0.691122 0.47197
12710 689460 -0.547918 -0.68349 0.457729
12720 689872 -0.544695 -0.701797 0.442194
12730 690287 -0.56733 -0.661597 0.463356
12740 690708 -0.594637 -0.660487 0.493647
12750 691132 -0.602973 -0.682684 0.494805
12760 691561 -0.540144 -0.753642 0.482059
12770 691995 -0.557316 -0.749702 0.492619
12780 692433 -0.594121 -0.688513 0.582625
12790 692877 -0.50033 -0.698077 0.608415
12800 693325 -0.552998 -0.685383 0.628594
12810 693779 -0.560667 -0.691341 0.586292
12820 694237 -0.542008 -0.702946 0.625421
12830 694701 -0.58995 -0.701667 0.63842
12840 695169 -0.60456 -0.659653 0.631462
12850 695644 -0.591414 -0.660186 0.630327
12860 696123 -0.602477 -0.594886 0.648959
12870 696609 -0.602727 -0.622912 0.673989
12880 697100 -0.651102 -0.654658 0.647221
12890 697596 -0.667218 -0.656247 0.679202
12900 698098 -0.744451 -0.656011 0.707677
12910 698607 -0.766795 -0.654485 0.722264
12920 699121 -0.778326 -0.704144 0.759455
12930 699642 -0.833695 -0.65167 0.735573
12940 700168 -0.844356 -0.575282 0.715021
12950 700701 -0.843134 -0.612721 0.70672
12960 701241 -0.843954 -0.637675 0.69341
12970 701786 -0.812193 -0.585686 0.690256
12980 702339 -0.784927 -0.57018 0.663255
12990 702897 -0.825416 -0.671544 0.666694
13000 703463 -0.830467 -0.665668 0.628068
13010 704036 -0.819258 -0.719857 0.634407
13020 704616 -0.975844 -0.879981 0.47781
13030 705204 -1.11485 -1.02344 0.472612
13040 705799 -1.23383 -0.986995 0.597953
13050 706402 -1.31307 -0.910512 0.701621
13060 707012 -1.43678 -0.877246 0.78712
13070 707630 -1.53067 -0.815376 0.913003
13080 708255 -1.59523 -0.705807 1.04451
13090 708889 -1.73476 -0.676558 1.11728
13100 709529 -1.80269 -0.601673 1.19813
13110 710178 -1.7899 -0.610013 1.19167
13120 710833 -1.78603 -0.609781 1.18977
13130 711496 -1.78309 -0.603878 1.18111
13140 712167 -1.77699 -0.60116 1.18383
13150 712846 -1.76953 -0.592815 1.16791
13160 713532 -1.77079 -0.591061 1.16479
13170 714225 -1.75172 -0.595816 1.17382
13180 714926 -1.75488 -0.593053 1.17024
13190 715635 -1.74739 -0.59192 1.16402
13200 716351 -1.74466 -0.595378 1.16538
13210 717075 -1.72986 -0.598406 1.17059
13220 717806 -1.72646 -0.594927 1.1617
13230 718544 -1.71997 -0.593958 1.15975
13240 719290 -1.71338 -0.592799 1.16151
13250 720043 -1.70288 -0.593628 1.15633
13260 720803 -1.69538 -0.593579 1.15751
13270 721571 -1.689 -0.593712 1.15669
13280 722345 -1.68229 -0.596921 1.15555
13290 723126 -1.67297 -0.594326 1.15397
13300 723914 -1.66507 -0.597796 1.15337
13310 724709 -1.65662 -0.596044 1.1547
13320 725510 -1.64747 -0.600029 1.15645
13330 726317 -1.64233 -0.595163 1.15537
13340 727131 -1.6326 -0.601706 1.15478
13350 727951 -1.6213 -0.600325 1.15107
13360 728777 -1.62027 -0.590523 1.14438
13370 729609 -1.6145 -0.583752 1.13427
13380 730446 -1.60426 -0.586716 1.13469
13390 731289 -1.5971 -0.587287 1.13317
13400 732137 -1.58907 -0.583662 1.1282
13410 732990 -1.58171 -0.582261 1.12721
13420 733847 -1.57502 -0.573105 1.11673
13430 734710 -1.57103 -0.571402 1.11489
13440 735576 -1.56003 -0.56812 1.10949
13450 736447 -1.55433 -0.572106 1.11138
13460 737322 -1.5467 -0.565273 1.10667
13470 738201 -1.54305 -0.558306 1.09785
13480 739083 -1.53399 -0.55958 1.09653
13490 739968 -1.52916 -0.552097 1.09145
13500 740856 -1.52163 -0.554594 1.0902
13510 741746 -1.51242 -0.550628 1.08457
13520 742639 -1.50645 -0.545914 1.08929
13530 743534 -1.50081 -0.541096 1.07836
13540 744431 -1.48144 -0.54568 1.08204
13550 745330 -1.47644 -0.542211 1.07431
13560 746230 -1.47115 -0.538953 1.07013
13570 747131 -1.46446 -0.533395 1.06557
13580 748032 -1.45684 -0.531183 1.05708
13590 748934 -1.45024 -0.526454 1.06108
13600 749836 -1.44536 -0.519054 1.05231
13610 750738 -1.43733 -0.518697 1.04703
13620 751639 -1.42631 -0.519392 1.0478
13630 752539 -1.41878 -0.513682 1.04309
13640 753439 -1.41463 -0.510445 1.04633
13650 754337 -1.41107 -0.495267 1.03115
13660 755233 -1.40309 -0.493361 1.02703
13670 756128 -1.39545 -0.487458 1.02381
13680 757020 -1.38908 -0.484698 1.02032
13690 757909 -1.37812 -0.485282 1.01646
13700 758796 -1.37132 -0.482825 1.01752
13710 759680 -1.35819 -0.481458 1.01689
13720 760560 -1.3596 -0.467679 1.00089
13730 761437 -1.35452 -0.460588 1.00396
13740 762310 -1.35189 -0.454787 0.999134
13750 763178 -1.34377 -0.445078 0.99382
13760 764042 -1.33629 -0.444218 0.994699
13770 764901 -1.32824 -0.440636 0.988599
13780 765756 -1.32119 -0.437619 0.985382
13790 766605 -1.31497 -0.431979 0.982965
13800 767449 -1.3053 -0.426095 0.982052
13810 768287 -1.29945 -0.425111 0.977155
13820 769119 -1.28771 -0.422126 0.974512
13830 769945 -1.28139 -0.421166 0.973158
13840 770765 -1.28185 -0.405097 0.966732
13850 771578 -1.27708 -0.400322 0.962654
13860 772384 -1.26954 -0.392741 0.960337
13870 773184 -1.26787 -0.383365 0.955414
13880 773976 -1.26231 -0.378303 0.955574
13890 774761 -1.26674 -0.354788 0.946064
13900 775539 -1.25991 -0.353386 0.947253
13910 776309 -1.25103 -0.353332 0.942384
13920 777072 -1.24501 -0.348509 0.937575
13930 777826 -1.23628 -0.346515 0.941307
13940 778572 -1.22541 -0.344463 0.938734
13950 779311 -1.2206 -0.337832 0.933755
13960 780040 -1.21512 -0.334398 0.932318
13970 780762 -1.21049 -0.329328 0.928575
13980 781475 -1.20121 -0.323336 0.928002
13990 782180 -1.19538 -0.319791 0.925011
14000 782875 -1.18745 -0.311556 0.922664
14010 783562 -1.1832 -0.309588 0.920927
14020 784241 -1.17763 -0.303276 0.920179
14030 784910 -1.17039 -0.299528 0.916871
14040 785570 -1.16438 -0.295599 0.915705
14050 786222 -1.16728 -0.281835 0.914593
14060 786864 -1.15087 -0.289063 0.913546
14070 787498 -1.14667 -0.279171 0.908432
14080 788122 -1.1423 -0.274531 0.908315
14090 788737 -1.13058 -0.277302 0.907471
14100 789343 -1.12388 -0.27355 0.907081
14110 789940 -1.11817 -0.267196 0.906321
14120 790528 -1.11411 -0.259891 0.901947
14130 791107 -1.11066 -0.255609 0.902411
14140 791676 -1.1038 -0.249714 0.899653
14150 792237 -1.1002 -0.24366 0.898799
14160 792788 -1.09286 -0.240184 0.895663
14170 793330 -1.08658 -0.236276 0.895559
14180 793864 -1.0797 -0.232139 0.895442
14190 794388 -1.07443 -0.229551 0.893334
14200 794903 -1.07029 -0.224911 0.892466
14210 795410 -1.06644 -0.215741 0.888351
14220 795907 -1.06141 -0.211102 0.888757
14230 796396 -1.04586 -0.218031 0.884742
14240 796876 -1.03933 -0.208914 0.885805
14250 797348 -1.0386 -0.205489 0.885851
14260 797810 -1.03556 -0.19746 0.883343
14270 798265 -1.03279 -0.194687 0.885676
14280 798710 -1.01719 -0.196732 0.878226
14290 799148 -1.01422 -0.1884 0.881131
14300 799577 -1.01141 -0.182318 0.879053
14310 799997 -1.00236 -0.182371 0.879511
14320 800409 -0.999168 -0.179932 0.879955
14330 800814 -0.990416 -0.172476 0.876037
